Job,Operation,Arrival,Deadline,Machine,Start,Processing Time,End,Lateness,Tardiness,Earliness
Job_012,3,940,2631,M9,1440,11,1451,-1180,0,1180
Job_012,4,940,2631,M3,1451,69,1520,-1111,0,1111
Job_018,0,1340,2978,M1,1481,85,1566,-1412,0,1412
Job_019,0,1440,2799,M0,1483,29,1512,-1287,0,1287
Job_013,3,1111,2506,M3,1520,95,1615,-891,0,891
Job_020,0,1522,2943,M0,1522,43,1565,-1378,0,1378
Job_010,4,836,2472,M4,1530,32,1562,-910,0,910
Job_010,5,836,2472,M6,1562,88,1650,-822,0,822
Job_001,9,82,1593,M8,1563,30,1593,0,0,0
Job_018,1,1340,2978,M0,1566,13,1579,-1399,0,1399
Job_019,1,1440,2799,M1,1566,78,1644,-1155,0,1155
Job_017,2,1241,2661,M2,1572,9,1581,-1080,0,1080
Job_014,2,1116,2821,M0,1579,71,1650,-1171,0,1171
Job_015,0,1122,2686,M2,1581,14,1595,-1091,0,1091
Job_020,1,1522,2943,M2,1595,90,1685,-1258,0,1258
Job_013,4,1111,2506,M8,1615,48,1663,-843,0,843
Job_017,3,1241,2661,M3,1615,36,1651,-1010,0,1010
Job_005,9,299,1659,M7,1634,25,1659,0,0,0
Job_012,5,940,2631,M1,1644,28,1672,-959,0,959
Job_002,9,143,1682,M4,1649,33,1682,0,0,0
Job_015,1,1122,2686,M0,1650,6,1656,-1030,0,1030
Job_016,2,1123,3631,M3,1651,39,1690,-1941,0,1941
Job_010,6,836,2472,M8,1663,19,1682,-790,0,790
Job_013,5,1111,2506,M9,1663,72,1735,-771,0,771
Job_015,2,1122,2686,M1,1672,22,1694,-992,0,992
Job_017,4,1241,2661,M4,1682,49,1731,-930,0,930
Job_023,0,1671,2802,M2,1685,14,1699,-1103,0,1103
Job_022,0,1634,3483,M1,1694,81,1775,-1708,0,1708
Job_004,9,231,1749,M6,1696,53,1749,0,0,0
Job_018,2,1340,2978,M2,1699,61,1760,-1218,0,1218
Job_023,1,1671,2802,M0,1699,6,1705,-1097,0,1097
Job_014,3,1116,2821,M4,1731,99,1830,-991,0,991
Job_010,7,836,2472,M9,1735,48,1783,-689,0,689
Job_013,6,1111,2506,M0,1735,47,1782,-724,0,724
Job_003,9,194,1784,M5,1741,43,1784,0,0,0
Job_012,6,940,2631,M6,1749,46,1795,-836,0,836
Job_019,2,1440,2799,M2,1760,9,1769,-1030,0,1030
Job_011,4,885,2875,M2,1769,85,1854,-1021,0,1021
Job_019,3,1440,2799,M3,1769,36,1805,-994,0,994
Job_023,2,1671,2802,M1,1775,22,1797,-1005,0,1005
Job_010,8,836,2472,M7,1783,36,1819,-653,0,653
Job_015,3,1122,2686,M5,1784,61,1845,-841,0,841
Job_013,7,1111,2506,M6,1795,65,1860,-646,0,646
Job_025,0,1777,3086,M1,1797,46,1843,-1243,0,1243
Job_020,2,1522,2943,M4,1830,75,1905,-1038,0,1038
Job_021,0,1583,3311,M1,1843,91,1934,-1377,0,1377
Job_025,1,1777,3086,M0,1843,37,1880,-1206,0,1206
Job_015,4,1122,2686,M3,1845,26,1871,-815,0,815
Job_017,5,1241,2661,M5,1845,11,1856,-805,0,805
Job_011,5,885,2875,M9,1854,11,1865,-1010,0,1010
Job_024,0,1739,3251,M2,1854,84,1938,-1313,0,1313
Job_023,3,1671,2802,M5,1856,61,1917,-885,0,885
Job_017,6,1241,2661,M6,1860,62,1922,-739,0,739
Job_025,2,1777,3086,M3,1880,61,1941,-1145,0,1145
Job_015,5,1122,2686,M4,1905,69,1974,-712,0,712
Job_020,3,1522,2943,M9,1905,11,1916,-1027,0,1027
Job_012,7,940,2631,M5,1917,46,1963,-668,0,668
Job_018,3,1340,2978,M6,1922,7,1929,-1049,0,1049
Job_014,4,1116,2821,M6,1929,9,1938,-883,0,883
Job_018,4,1340,2978,M8,1929,64,1993,-985,0,985
Job_021,1,1583,3311,M0,1934,85,2019,-1292,0,1292
Job_011,6,885,2875,M6,1938,40,1978,-897,0,897
Job_022,1,1634,3483,M2,1938,95,2033,-1450,0,1450
Job_024,1,1739,3251,M1,1938,2,1940,-1311,0,1311
Job_023,4,1671,2802,M3,1941,26,1967,-835,0,835
Job_024,2,1739,3251,M5,1963,52,2015,-1236,0,1236
Job_020,4,1522,2943,M3,1967,69,2036,-907,0,907
Job_009,9,733,2014,M7,1969,45,2014,0,0,0
Job_013,8,1111,2506,M4,1974,6,1980,-526,0,526
Job_019,4,1440,2799,M4,1980,49,2029,-770,0,770
Job_015,6,1122,2686,M8,1993,21,2014,-672,0,672
Job_018,5,1340,2978,M9,1993,76,2069,-909,0,909
Job_014,5,1116,2821,M8,2014,52,2066,-755,0,755
Job_017,7,1241,2661,M7,2014,56,2070,-591,0,591
Job_019,5,1440,2799,M5,2029,11,2040,-759,0,759
Job_023,5,1671,2802,M4,2029,69,2098,-704,0,704
Job_022,2,1634,3483,M0,2033,71,2104,-1379,0,1379
Job_025,3,1777,3086,M2,2033,13,2046,-1040,0,1040
Job_020,5,1522,2943,M1,2036,28,2064,-879,0,879
Job_024,3,1739,3251,M3,2036,95,2131,-1120,0,1120
Job_019,6,1440,2799,M6,2040,62,2102,-697,0,697
Job_026,0,1923,3458,M2,2046,31,2077,-1381,0,1381
Job_018,6,1340,2978,M5,2069,47,2116,-862,0,862
Job_015,7,1122,2686,M7,2070,49,2119,-567,0,567
Job_016,3,1123,3631,M2,2077,74,2151,-1480,0,1480
Job_008,9,701,2163,M8,2089,74,2163,0,0,0
Job_025,4,1777,3086,M6,2102,32,2134,-952,0,952
Job_022,3,1634,3483,M4,2104,99,2203,-1280,0,1280
Job_026,1,1923,3458,M0,2104,86,2190,-1268,0,1268
Job_012,8,940,2631,M7,2119,72,2191,-440,0,440
Job_015,8,1122,2686,M9,2119,72,2191,-495,0,495
Job_018,7,1340,2978,M3,2131,52,2183,-795,0,795
Job_020,6,1522,2943,M6,2134,46,2180,-763,0,763
Job_025,5,1777,3086,M5,2134,21,2155,-931,0,931
Job_017,8,1241,2661,M8,2163,44,2207,-454,0,454
Job_028,0,2173,3744,M1,2173,85,2258,-1486,0,1486
Job_020,7,1522,2943,M5,2180,46,2226,-717,0,717
Job_021,2,1583,3311,M3,2183,39,2222,-1089,0,1089
Job_027,0,2141,4340,M0,2190,76,2266,-2074,0,2074
Job_014,6,1116,2821,M7,2191,85,2276,-545,0,545
Job_025,6,1777,3086,M9,2191,32,2223,-863,0,863
Job_018,8,1340,2978,M4,2203,90,2293,-685,0,685
Job_022,4,1634,3483,M6,2203,9,2212,-1271,0,1271
Job_023,6,1671,2802,M8,2207,21,2228,-574,0,574
Job_021,3,1583,3311,M2,2222,74,2296,-1015,0,1015
Job_025,7,1777,3086,M8,2228,89,2317,-769,0,769
Job_026,2,1923,3458,M1,2258,46,2304,-1154,0,1154
Job_028,1,2173,3744,M0,2266,13,2279,-1465,0,1465
Job_007,9,483,2351,M3,2272,79,2351,0,0,0
Job_023,7,1671,2802,M7,2276,49,2325,-477,0,477
Job_028,2,2173,3744,M2,2296,61,2357,-1387,0,1387
Job_026,3,1923,3458,M5,2304,74,2378,-1080,0,1080
Job_027,1,2141,4340,M1,2304,69,2373,-1967,0,1967
Job_024,4,1739,3251,M8,2317,48,2365,-886,0,886
Job_019,7,1440,2799,M7,2325,56,2381,-418,0,418
Job_023,8,1671,2802,M9,2325,72,2397,-405,0,405
Job_030,0,2325,4372,M0,2325,76,2401,-1971,0,1971
Job_028,3,2173,3744,M6,2357,7,2364,-1380,0,1380
Job_029,0,2276,4050,M2,2357,31,2388,-1662,0,1662
Job_021,4,1583,3311,M8,2365,90,2455,-856,0,856
Job_026,4,1923,3458,M4,2378,32,2410,-1048,0,1048
Job_011,7,885,2875,M7,2381,89,2470,-405,0,405
Job_010,9,836,2472,M3,2393,79,2472,0,0,0
Job_024,5,1739,3251,M9,2397,72,2469,-782,0,782
Job_029,1,2276,4050,M0,2401,86,2487,-1563,0,1563
Job_030,1,2325,4372,M1,2401,69,2470,-1902,0,1902
Job_026,5,1923,3458,M6,2410,88,2498,-960,0,960
Job_019,8,1440,2799,M8,2455,44,2499,-300,0,300
Job_021,5,1583,3311,M5,2455,10,2465,-846,0,846
Job_011,8,885,2875,M4,2470,26,2496,-379,0,379
Job_014,7,1116,2821,M3,2472,98,2570,-251,0,251
Job_013,9,1111,2506,M7,2481,25,2506,0,0,0
Job_024,6,1739,3251,M0,2487,47,2534,-717,0,717
Job_029,2,2276,4050,M1,2487,46,2533,-1517,0,1517
Job_022,5,1634,3483,M8,2499,52,2551,-932,0,932
Job_020,8,1522,2943,M7,2506,72,2578,-365,0,365
Job_029,3,2276,4050,M5,2533,74,2607,-1443,0,1443
Job_024,7,1739,3251,M6,2534,65,2599,-652,0,652
Job_031,0,2380,4229,M0,2534,43,2577,-1652,0,1652
Job_026,6,1923,3458,M8,2551,19,2570,-888,0,888
Job_032,0,2551,3691,M2,2551,84,2635,-1056,0,1056
Job_033,0,2556,4626,M1,2556,81,2637,-1989,0,1989
Job_014,8,1116,2821,M9,2570,22,2592,-229,0,229
Job_030,2,2325,4372,M3,2570,76,2646,-1726,0,1726
Job_025,8,1777,3086,M7,2578,30,2608,-478,0,478
Job_026,7,1923,3458,M9,2592,48,2640,-818,0,818
Job_024,8,1739,3251,M4,2599,6,2605,-646,0,646
Job_012,9,940,2631,M8,2601,30,2631,0,0,0
Job_029,4,2276,4050,M4,2607,32,2639,-1411,0,1411
Job_021,6,1583,3311,M7,2608,12,2620,-691,0,691
Job_022,6,1634,3483,M7,2620,85,2705,-778,0,778
Job_028,4,2173,3744,M8,2631,64,2695,-1049,0,1049
Job_015,9,1122,2686,M6,2633,53,2686,0,0,0
Job_034,0,2562,3918,M2,2635,14,2649,-1269,0,1269
Job_032,1,2551,3691,M1,2637,2,2639,-1052,0,1052
Job_032,2,2551,3691,M5,2639,52,2691,-1000,0,1000
Job_035,0,2563,4344,M1,2639,91,2730,-1614,0,1614
Job_017,9,1241,2661,M9,2640,21,2661,0,0,0
Job_027,2,2141,4340,M3,2646,76,2722,-1618,0,1618
Job_031,1,2380,4229,M2,2649,90,2739,-1490,0,1490
Job_034,1,2562,3918,M0,2649,6,2655,-1263,0,1263
Job_036,0,2681,3780,M0,2681,29,2710,-1070,0,1070
Job_030,3,2325,4372,M5,2691,51,2742,-1630,0,1630
Job_016,4,1123,3631,M8,2695,90,2785,-846,0,846
Job_028,5,2173,3744,M9,2695,76,2771,-973,0,973
Job_026,8,1923,3458,M7,2705,36,2741,-717,0,717
Job_022,7,1634,3483,M3,2722,98,2820,-663,0,663
Job_035,1,2563,4344,M0,2730,85,2815,-1529,0,1529
Job_036,1,2681,3780,M1,2730,78,2808,-972,0,972
Job_031,2,2380,4229,M4,2739,75,2814,-1415,0,1415
Job_033,1,2556,4626,M2,2739,95,2834,-1792,0,1792
Job_023,9,1671,2802,M6,2749,53,2802,0,0,0
Job_014,9,1116,2821,M5,2778,43,2821,0,0,0
Job_019,9,1440,2799,M9,2778,21,2799,0,0,0
Job_011,9,885,2875,M8,2801,74,2875,0,0,0
Job_021,7,1583,3311,M6,2802,89,2891,-420,0,420
Job_034,2,2562,3918,M1,2808,22,2830,-1088,0,1088
Job_031,3,2380,4229,M9,2814,11,2825,-1404,0,1404
Job_032,3,2551,3691,M3,2820,95,2915,-776,0,776
Job_028,6,2173,3744,M5,2821,47,2868,-876,0,876
Job_022,8,1634,3483,M9,2825,22,2847,-636,0,636
Job_037,0,2780,4726,M1,2830,85,2915,-1811,0,1811
Job_033,2,2556,4626,M0,2834,71,2905,-1721,0,1721
Job_036,2,2681,3780,M2,2834,9,2843,-937,0,937
Job_030,4,2325,4372,M2,2843,85,2928,-1444,0,1444
Job_016,5,1123,3631,M5,2868,10,2878,-753,0,753
Job_016,6,1123,3631,M7,2878,12,2890,-741,0,741
Job_034,3,2562,3918,M5,2878,61,2939,-979,0,979
Job_016,7,1123,3631,M6,2891,89,2980,-651,0,651
Job_021,8,1583,3311,M9,2891,45,2936,-375,0,375
Job_033,3,2556,4626,M4,2905,99,3004,-1622,0,1622
Job_038,0,2880,3903,M0,2905,29,2934,-969,0,969
Job_020,9,1522,2943,M8,2913,30,2943,0,0,0
Job_028,7,2173,3744,M3,2915,52,2967,-777,0,777
Job_018,9,1340,2978,M7,2933,45,2978,0,0,0
Job_037,1,2780,4726,M0,2934,13,2947,-1779,0,1779
Job_038,1,2880,3903,M1,2934,78,3012,-891,0,891
Job_030,5,2325,4372,M9,2936,11,2947,-1425,0,1425
Job_027,3,2141,4340,M5,2939,51,2990,-1350,0,1350
Job_032,4,2551,3691,M8,2943,48,2991,-700,0,700
Job_037,2,2780,4726,M2,2947,61,3008,-1718,0,1718
Job_039,0,2962,4573,M0,2962,43,3005,-1568,0,1568
Job_036,3,2681,3780,M3,2967,36,3003,-777,0,777
Job_016,8,1123,3631,M9,2980,45,3025,-606,0,606
Job_029,5,2276,4050,M6,2980,88,3068,-982,0,982
Job_034,4,2562,3918,M3,3003,26,3029,-889,0,889
Job_027,4,2141,4340,M2,3008,85,3093,-1247,0,1247
Job_040,0,3023,4665,M1,3023,91,3114,-1551,0,1551
Job_032,5,2551,3691,M9,3025,72,3097,-594,0,594
Job_031,4,2380,4229,M3,3029,69,3098,-1131,0,1131
Job_025,9,1777,3086,M4,3031,55,3086,0,0,0
Job_029,6,2276,4050,M8,3068,19,3087,-963,0,963
Job_030,6,2325,4372,M6,3068,40,3108,-1264,0,1264
Job_036,4,2681,3780,M4,3086,49,3135,-645,0,645
Job_038,2,2880,3903,M2,3093,9,3102,-801,0,801
Job_029,7,2276,4050,M9,3097,48,3145,-905,0,905
Job_032,6,2551,3691,M0,3097,47,3144,-547,0,547
Job_035,2,2563,4344,M3,3098,39,3137,-1207,0,1207
Job_039,1,2962,4573,M2,3102,90,3192,-1381,0,1381
Job_030,7,2325,4372,M7,3108,89,3197,-1175,0,1175
Job_037,3,2780,4726,M6,3108,7,3115,-1611,0,1611
Job_031,5,2380,4229,M1,3114,28,3142,-1087,0,1087
Job_033,4,2556,4626,M6,3115,9,3124,-1502,0,1502
Job_037,4,2780,4726,M8,3115,64,3179,-1547,0,1547
Job_028,8,2173,3744,M4,3135,90,3225,-519,0,519
Job_036,5,2681,3780,M5,3135,11,3146,-634,0,634
Job_038,3,2880,3903,M3,3137,36,3173,-730,0,730
Job_031,6,2380,4229,M6,3142,46,3188,-1041,0,1041
Job_041,0,3074,5207,M1,3142,81,3223,-1984,0,1984
Job_040,1,3023,4665,M0,3144,85,3229,-1436,0,1436
Job_027,5,2141,4340,M9,3145,11,3156,-1184,0,1184
Job_033,5,2556,4626,M8,3179,52,3231,-1395,0,1395
Job_037,5,2780,4726,M9,3179,76,3255,-1471,0,1471
Job_031,7,2380,4229,M5,3188,46,3234,-995,0,995
Job_036,6,2681,3780,M6,3188,62,3250,-530,0,530
Job_043,0,3179,4286,M2,3192,84,3276,-1010,0,1010
Job_044,0,3217,4045,M1,3223,46,3269,-776,0,776
Job_038,4,2880,3903,M4,3225,49,3274,-629,0,629
Job_024,9,1739,3251,M7,3226,25,3251,0,0,0
Job_040,2,3023,4665,M3,3229,39,3268,-1397,0,1397
Job_032,7,2551,3691,M6,3250,65,3315,-376,0,376
Job_036,7,2681,3780,M7,3251,56,3307,-473,0,473
Job_037,6,2780,4726,M5,3255,47,3302,-1424,0,1424
Job_044,1,3217,4045,M0,3269,37,3306,-739,0,739
Job_035,3,2563,4344,M2,3276,74,3350,-994,0,994
Job_043,1,3179,4286,M1,3276,2,3278,-1008,0,1008
Job_021,9,1583,3311,M4,3278,33,3311,0,0,0
Job_037,7,2780,4726,M3,3302,52,3354,-1372,0,1372
Job_038,5,2880,3903,M5,3302,11,3313,-590,0,590
Job_029,8,2276,4050,M7,3307,36,3343,-707,0,707
Job_036,8,2681,3780,M8,3307,44,3351,-429,0,429
Job_034,5,2562,3918,M4,3311,69,3380,-538,0,538
Job_043,2,3179,4286,M5,3313,52,3365,-921,0,921
Job_038,6,2880,3903,M6,3315,62,3377,-526,0,526
Job_031,8,2380,4229,M7,3343,72,3415,-814,0,814
Job_042,0,3111,4493,M2,3350,14,3364,-1129,0,1129
Job_035,4,2563,4344,M8,3351,90,3441,-903,0,903
Job_040,3,3023,4665,M2,3364,74,3438,-1227,0,1227
Job_042,1,3111,4493,M0,3364,6,3370,-1123,0,1123
Job_042,2,3111,4493,M1,3370,22,3392,-1101,0,1101
Job_027,6,2141,4340,M6,3377,40,3417,-923,0,923
Job_026,9,1923,3458,M3,3379,79,3458,0,0,0
Job_032,8,2551,3691,M4,3380,6,3386,-305,0,305
Job_030,8,2325,4372,M4,3386,26,3412,-960,0,960
Job_039,2,2962,4573,M4,3412,75,3487,-1086,0,1086
Job_038,7,2880,3903,M7,3415,56,3471,-432,0,432
Job_045,0,3363,4914,M2,3438,31,3469,-1445,0,1445
Job_022,9,1634,3483,M5,3440,43,3483,0,0,0
Job_034,6,2562,3918,M8,3441,21,3462,-456,0,456
Job_044,2,3217,4045,M3,3458,61,3519,-526,0,526
Job_041,1,3074,5207,M2,3469,95,3564,-1643,0,1643
Job_045,1,3363,4914,M0,3469,86,3555,-1359,0,1359
Job_034,7,2562,3918,M7,3471,49,3520,-398,0,398
Job_038,8,2880,3903,M8,3471,44,3515,-388,0,388
Job_042,3,3111,4493,M5,3483,61,3544,-949,0,949
Job_037,8,2780,4726,M4,3487,90,3577,-1149,0,1149
Job_039,3,2962,4573,M9,3487,11,3498,-1075,0,1075
Job_043,3,3179,4286,M3,3519,95,3614,-672,0,672
Job_027,7,2141,4340,M7,3520,89,3609,-731,0,731
Job_034,8,2562,3918,M9,3520,72,3592,-326,0,326
Job_035,5,2563,4344,M5,3544,10,3554,-790,0,790
Job_045,2,3363,4914,M1,3555,46,3601,-1313,0,1313
Job_041,2,3074,5207,M0,3564,71,3635,-1572,0,1572
Job_044,3,3217,4045,M2,3564,13,3577,-468,0,468
Job_044,4,3217,4045,M6,3577,32,3609,-436,0,436
Job_040,4,3023,4665,M8,3580,90,3670,-995,0,995
Job_016,9,1123,3631,M4,3598,33,3631,0,0,0
Job_045,3,3363,4914,M5,3601,74,3675,-1239,0,1239
Job_035,6,2563,4344,M7,3609,12,3621,-723,0,723
Job_047,0,3613,5314,M1,3613,85,3698,-1616,0,1616
Job_042,4,3111,4493,M3,3614,26,3640,-853,0,853
Job_035,7,2563,4344,M6,3621,89,3710,-634,0,634
Job_027,8,2141,4340,M4,3631,26,3657,-683,0,683
Job_046,0,3581,5270,M0,3635,76,3711,-1559,0,1559
Job_039,4,2962,4573,M3,3640,69,3709,-864,0,864
Job_042,5,3111,4493,M4,3657,69,3726,-767,0,767
Job_032,9,2551,3691,M7,3666,25,3691,0,0,0
Job_043,4,3179,4286,M8,3670,48,3718,-568,0,568
Job_044,5,3217,4045,M5,3675,21,3696,-349,0,349
Job_040,5,3023,4665,M5,3696,10,3706,-959,0,959
Job_044,6,3217,4045,M9,3696,32,3728,-317,0,317
Job_028,9,2173,3744,M7,3699,45,3744,0,0,0
Job_039,5,2962,4573,M1,3709,28,3737,-836,0,836
Job_047,1,3613,5314,M0,3711,13,3724,-1590,0,1590
Job_048,0,3716,5489,M2,3716,31,3747,-1742,0,1742
Job_042,6,3111,4493,M8,3726,21,3747,-746,0,746
Job_045,4,3363,4914,M4,3726,32,3758,-1156,0,1156
Job_039,6,2962,4573,M6,3737,46,3783,-790,0,790
Job_046,1,3581,5270,M1,3737,69,3806,-1464,0,1464
Job_033,6,2556,4626,M7,3744,85,3829,-797,0,797
Job_044,7,3217,4045,M8,3747,89,3836,-209,0,209
Job_047,2,3613,5314,M2,3747,61,3808,-1506,0,1506
Job_048,1,3716,5489,M0,3747,86,3833,-1656,0,1656
Job_041,3,3074,5207,M4,3758,99,3857,-1350,0,1350
Job_036,9,2681,3780,M9,3759,21,3780,0,0,0
Job_043,5,3179,4286,M9,3780,72,3852,-434,0,434
Job_039,7,2962,4573,M5,3783,46,3829,-744,0,744
Job_046,2,3581,5270,M3,3806,76,3882,-1388,0,1388
Job_047,3,3613,5314,M6,3808,7,3815,-1499,0,1499
Job_042,7,3111,4493,M7,3829,49,3878,-615,0,615
Job_048,2,3716,5489,M1,3833,46,3879,-1610,0,1610
Job_050,0,3820,5144,M0,3833,43,3876,-1268,0,1268
Job_047,4,3613,5314,M8,3836,64,3900,-1414,0,1414
Job_034,9,2562,3918,M6,3865,53,3918,0,0,0
Job_043,6,3179,4286,M0,3876,47,3923,-363,0,363
Job_050,1,3820,5144,M2,3876,90,3966,-1178,0,1178
Job_044,8,3217,4045,M7,3878,30,3908,-137,0,137
Job_048,3,3716,5489,M5,3879,74,3953,-1536,0,1536
Job_038,9,2880,3903,M9,3882,21,3903,0,0,0
Job_035,8,2563,4344,M9,3903,45,3948,-396,0,396
Job_039,8,2962,4573,M7,3908,72,3980,-593,0,593
Job_041,4,3074,5207,M6,3918,9,3927,-1280,0,1280
Job_049,0,3765,5255,M0,3923,76,3999,-1256,0,1256
Job_041,5,3074,5207,M8,3927,52,3979,-1228,0,1228
Job_043,7,3179,4286,M6,3927,65,3992,-294,0,294
Job_042,8,3111,4493,M9,3948,72,4020,-473,0,473
Job_046,3,3581,5270,M5,3953,51,4004,-1266,0,1266
Job_048,4,3716,5489,M4,3953,32,3985,-1504,0,1504
Job_029,9,2276,4050,M3,3971,79,4050,0,0,0
Job_040,6,3023,4665,M7,3980,12,3992,-673,0,673
Job_044,9,3217,4045,M4,3990,55,4045,0,0,0
Job_051,0,3991,5459,M2,3991,84,4075,-1384,0,1384
Job_045,5,3363,4914,M6,3992,88,4080,-834,0,834
Job_052,0,3996,6613,M1,3996,81,4077,-2536,0,2536
Job_047,5,3613,5314,M9,4020,76,4096,-1218,0,1218
Job_050,2,3820,5144,M4,4045,75,4120,-1024,0,1024
Job_033,7,2556,4626,M3,4050,98,4148,-478,0,478
Job_053,0,4002,4805,M2,4075,14,4089,-716,0,716
Job_049,1,3765,5255,M1,4077,69,4146,-1109,0,1109
Job_040,7,3023,4665,M6,4080,89,4169,-496,0,496
Job_045,6,3363,4914,M8,4080,19,4099,-815,0,815
Job_046,4,3581,5270,M2,4089,85,4174,-1096,0,1096
Job_053,1,4002,4805,M0,4089,6,4095,-710,0,710
Job_047,6,3613,5314,M5,4096,47,4143,-1171,0,1171
Job_043,8,3179,4286,M4,4120,6,4126,-160,0,160
Job_055,0,4121,5427,M0,4121,29,4150,-1277,0,1277
Job_050,3,3820,5144,M9,4144,11,4155,-989,0,989
Job_053,2,4002,4805,M1,4146,22,4168,-637,0,637
Job_049,2,3765,5255,M3,4148,76,4224,-1031,0,1031
Job_033,8,2556,4626,M9,4155,22,4177,-449,0,449
Job_051,1,3991,5459,M1,4168,2,4170,-1289,0,1289
Job_053,3,4002,4805,M5,4168,61,4229,-576,0,576
Job_048,5,3716,5489,M6,4169,88,4257,-1232,0,1232
Job_055,1,4121,5427,M1,4170,78,4248,-1179,0,1179
Job_052,1,3996,6613,M2,4174,95,4269,-2344,0,2344
Job_040,8,3023,4665,M9,4177,45,4222,-443,0,443
Job_031,9,2380,4229,M8,4194,30,4224,-5,0,5
Job_046,5,3581,5270,M9,4222,11,4233,-1037,0,1037
Job_027,9,2141,4340,M8,4224,74,4298,-42,0,42
Job_047,7,3613,5314,M3,4224,52,4276,-1038,0,1038
Job_049,3,3765,5255,M5,4229,51,4280,-975,0,975
Job_045,7,3363,4914,M9,4233,48,4281,-633,0,633
Job_054,0,4003,5718,M1,4248,91,4339,-1379,0,1379
Job_046,6,3581,5270,M6,4257,40,4297,-973,0,973
Job_043,9,3179,4286,M7,4261,25,4286,0,0,0
Job_052,2,3996,6613,M0,4269,71,4340,-2273,0,2273
Job_055,2,4121,5427,M2,4269,9,4278,-1149,0,1149
Job_053,4,4002,4805,M3,4276,26,4302,-503,0,503
Job_049,4,3765,5255,M2,4280,85,4365,-890,0,890
Job_051,2,3991,5459,M5,4280,52,4332,-1127,0,1127
Job_046,7,3581,5270,M7,4297,89,4386,-884,0,884
Job_030,9,2325,4372,M8,4298,74,4372,0,0,0
Job_055,3,4121,5427,M3,4302,36,4338,-1089,0,1089
Job_035,9,2563,4344,M4,4311,33,4344,0,0,0
Job_051,3,3991,5459,M3,4338,95,4433,-1026,0,1026
Job_056,0,4220,6028,M1,4339,85,4424,-1604,0,1604
Job_057,0,4320,5509,M0,4340,29,4369,-1140,0,1140
Job_053,5,4002,4805,M4,4344,69,4413,-392,0,392
Job_049,5,3765,5255,M9,4365,11,4376,-879,0,879
Job_054,1,4003,5718,M0,4369,85,4454,-1264,0,1264
Job_041,6,3074,5207,M7,4392,85,4477,-730,0,730
Job_048,6,3716,5489,M8,4393,19,4412,-1077,0,1077
Job_048,7,3716,5489,M9,4412,48,4460,-1029,0,1029
Job_046,8,3581,5270,M4,4413,26,4439,-831,0,831
Job_053,6,4002,4805,M8,4414,21,4435,-370,0,370
Job_057,1,4320,5509,M1,4424,78,4502,-1007,0,1007
Job_050,4,3820,5144,M3,4433,69,4502,-642,0,642
Job_051,4,3991,5459,M8,4435,48,4483,-976,0,976
Job_055,4,4121,5427,M4,4439,49,4488,-939,0,939
Job_042,9,3111,4493,M6,4440,53,4493,0,0,0
Job_056,1,4220,6028,M0,4454,13,4467,-1561,0,1561
Job_056,2,4220,6028,M2,4467,61,4528,-1500,0,1500
Job_058,0,4402,5880,M0,4467,43,4510,-1370,0,1370
Job_053,7,4002,4805,M7,4477,49,4526,-279,0,279
Job_051,5,3991,5459,M9,4483,72,4555,-904,0,904
Job_052,3,3996,6613,M4,4488,99,4587,-2026,0,2026
Job_055,5,4121,5427,M5,4488,11,4499,-928,0,928
Job_049,6,3765,5255,M6,4493,40,4533,-722,0,722
Job_041,7,3074,5207,M3,4502,98,4600,-607,0,607
Job_059,0,4463,6223,M1,4502,91,4593,-1630,0,1630
Job_045,8,3363,4914,M7,4526,36,4562,-352,0,352
Job_057,2,4320,5509,M2,4528,9,4537,-972,0,972
Job_055,6,4121,5427,M6,4533,62,4595,-832,0,832
Job_039,9,2962,4573,M8,4543,30,4573,0,0,0
Job_061,0,4551,5730,M2,4551,14,4565,-1165,0,1165
Job_051,6,3991,5459,M0,4555,47,4602,-857,0,857
Job_058,1,4402,5880,M2,4565,90,4655,-1225,0,1225
Job_033,9,2556,4626,M5,4583,43,4626,0,0,0
Job_052,4,3996,6613,M6,4595,9,4604,-2009,0,2009
Job_055,7,4121,5427,M7,4598,56,4654,-773,0,773
Job_041,8,3074,5207,M9,4600,22,4622,-585,0,585
Job_054,2,4003,5718,M3,4600,39,4639,-1079,0,1079
Job_059,1,4463,6223,M0,4602,85,4687,-1536,0,1536
Job_056,3,4220,6028,M6,4604,7,4611,-1417,0,1417
Job_051,7,3991,5459,M6,4611,65,4676,-783,0,783
Job_050,5,3820,5144,M1,4615,28,4643,-501,0,501
Job_052,5,3996,6613,M8,4621,52,4673,-1940,0,1940
Job_053,8,4002,4805,M9,4622,72,4694,-111,0,111
Job_040,9,3023,4665,M4,4632,33,4665,0,0,0
Job_057,3,4320,5509,M3,4639,36,4675,-834,0,834
Job_054,3,4003,5718,M2,4655,74,4729,-989,0,989
Job_063,0,4657,5663,M1,4657,46,4703,-960,0,960
Job_058,2,4402,5880,M4,4665,75,4740,-1140,0,1140
Job_055,8,4121,5427,M8,4673,44,4717,-710,0,710
Job_050,6,3820,5144,M6,4676,46,4722,-422,0,422
Job_037,9,2780,4726,M7,4681,45,4726,0,0,0
Job_059,2,4463,6223,M3,4687,39,4726,-1497,0,1497
Job_061,1,4551,5730,M0,4687,6,4693,-1037,0,1037
Job_060,0,4514,6486,M1,4703,81,4784,-1702,0,1702
Job_063,1,4657,5663,M0,4703,37,4740,-923,0,923
Job_056,4,4220,6028,M8,4717,64,4781,-1247,0,1247
Job_050,7,3820,5144,M5,4722,46,4768,-376,0,376
Job_049,7,3765,5255,M7,4726,89,4815,-440,0,440
Job_059,3,4463,6223,M2,4729,74,4803,-1420,0,1420
Job_063,2,4657,5663,M3,4740,61,4801,-862,0,862
Job_053,9,4002,4805,M6,4752,53,4805,0,0,0
Job_057,4,4320,5509,M4,4755,49,4804,-705,0,705
Job_054,4,4003,5718,M8,4781,90,4871,-847,0,847
Job_056,5,4220,6028,M9,4781,76,4857,-1171,0,1171
Job_061,2,4551,5730,M1,4784,22,4806,-924,0,924
Job_063,3,4657,5663,M2,4814,13,4827,-836,0,836
Job_048,8,3716,5489,M7,4815,36,4851,-638,0,638
Job_057,5,4320,5509,M5,4824,11,4835,-674,0,674
Job_060,1,4514,6486,M2,4827,95,4922,-1564,0,1564
Job_045,9,3363,4914,M3,4835,79,4914,0,0,0
Job_061,3,4551,5730,M5,4835,61,4896,-834,0,834
Job_050,8,3820,5144,M7,4851,72,4923,-221,0,221
Job_057,6,4320,5509,M6,4856,62,4918,-591,0,591
Job_059,4,4463,6223,M8,4871,90,4961,-1262,0,1262
Job_049,8,3765,5255,M4,4879,26,4905,-350,0,350
Job_058,3,4402,5880,M9,4879,11,4890,-990,0,990
Job_054,5,4003,5718,M5,4904,10,4914,-804,0,804
Job_051,8,3991,5459,M4,4905,6,4911,-548,0,548
Job_061,4,4551,5730,M3,4914,26,4940,-790,0,790
Job_063,4,4657,5663,M6,4918,32,4950,-713,0,713
Job_064,0,4803,6347,M2,4922,31,4953,-1394,0,1394
Job_060,2,4514,6486,M0,4924,71,4995,-1491,0,1491
Job_057,7,4320,5509,M7,4932,56,4988,-521,0,521
Job_061,5,4551,5730,M4,4940,69,5009,-721,0,721
Job_063,5,4657,5663,M5,4950,21,4971,-692,0,692
Job_062,0,4619,6280,M2,4953,84,5037,-1243,0,1243
Job_056,6,4220,6028,M5,4971,47,5018,-1010,0,1010
Job_063,6,4657,5663,M9,4971,32,5003,-660,0,660
Job_058,4,4402,5880,M3,4975,69,5044,-836,0,836
Job_054,6,4003,5718,M7,4992,12,5004,-714,0,714
Job_064,1,4803,6347,M0,4995,86,5081,-1266,0,1266
Job_061,6,4551,5730,M8,5009,21,5030,-700,0,700
Job_054,7,4003,5718,M6,5020,89,5109,-609,0,609
Job_062,1,4619,6280,M1,5037,2,5039,-1241,0,1241
Job_062,2,4619,6280,M5,5039,52,5091,-1189,0,1189
Job_056,7,4220,6028,M3,5044,52,5096,-932,0,932
Job_058,5,4402,5880,M1,5044,28,5072,-808,0,808
Job_052,6,3996,6613,M7,5053,85,5138,-1475,0,1475
Job_066,0,5053,6670,M1,5072,85,5157,-1513,0,1513
Job_065,0,5021,7071,M0,5081,76,5157,-1914,0,1914
Job_050,9,3820,5144,M8,5092,30,5122,-22,0,22
Job_047,8,3613,5314,M4,5094,90,5184,-130,0,130
Job_062,3,4619,6280,M3,5096,95,5191,-1089,0,1089
Job_054,8,4003,5718,M9,5109,45,5154,-564,0,564
Job_049,9,3765,5255,M8,5122,74,5196,-59,0,59
Job_058,6,4402,5880,M6,5125,46,5171,-709,0,709
Job_061,7,4551,5730,M7,5138,49,5187,-543,0,543
Job_067,0,5156,6708,M2,5156,31,5187,-1521,0,1521
Job_064,2,4803,6347,M1,5157,46,5203,-1144,0,1144
Job_066,1,5053,6670,M0,5157,13,5170,-1500,0,1500
Job_041,9,3074,5207,M5,5164,43,5207,0,0,0
Job_056,8,4220,6028,M4,5184,90,5274,-754,0,754
Job_061,8,4551,5730,M9,5187,72,5259,-471,0,471
Job_066,2,5053,6670,M2,5187,61,5248,-1422,0,1422
Job_067,1,5156,6708,M0,5187,86,5273,-1435,0,1435
Job_052,7,3996,6613,M3,5191,98,5289,-1324,0,1324
Job_046,9,3581,5270,M8,5196,74,5270,0,0,0
Job_065,1,5021,7071,M1,5203,69,5272,-1799,0,1799
Job_058,7,4402,5880,M5,5207,46,5253,-627,0,627
Job_066,3,5053,6670,M6,5248,7,5255,-1415,0,1415
Job_064,3,4803,6347,M5,5253,74,5327,-1020,0,1020
Job_047,9,3613,5314,M7,5269,45,5314,0,0,0
Job_057,8,4320,5509,M8,5270,44,5314,-195,0,195
Job_067,2,5156,6708,M1,5273,46,5319,-1389,0,1389
Job_068,0,5205,6763,M0,5273,76,5349,-1414,0,1414
Job_060,3,4514,6486,M4,5274,99,5373,-1113,0,1113
Job_052,8,3996,6613,M9,5289,22,5311,-1302,0,1302
Job_065,2,5021,7071,M3,5289,76,5365,-1706,0,1706
Job_058,8,4402,5880,M7,5314,72,5386,-494,0,494
Job_063,7,4657,5663,M8,5314,89,5403,-260,0,260
Job_067,3,5156,6708,M5,5327,74,5401,-1307,0,1307
Job_068,1,5205,6763,M1,5349,69,5418,-1345,0,1345
Job_069,0,5260,6713,M0,5349,43,5392,-1321,0,1321
Job_060,4,4514,6486,M6,5373,9,5382,-1104,0,1104
Job_064,4,4803,6347,M4,5373,32,5405,-942,0,942
Job_069,1,5260,6713,M2,5392,90,5482,-1231,0,1231
Job_065,3,5021,7071,M5,5401,51,5452,-1619,0,1619
Job_063,8,4657,5663,M7,5403,30,5433,-230,0,230
Job_064,5,4803,6347,M6,5405,88,5493,-854,0,854
Job_067,4,5156,6708,M4,5405,32,5437,-1271,0,1271
Job_055,9,4121,5427,M9,5406,21,5427,0,0,0
Job_048,9,3716,5489,M3,5410,79,5489,0,0,0
Job_051,9,3991,5459,M7,5434,25,5459,0,0,0
Job_062,4,4619,6280,M8,5434,48,5482,-798,0,798
Job_071,0,5436,7449,M1,5436,81,5517,-1932,0,1932
Job_059,5,4463,6223,M5,5452,10,5462,-761,0,761
Job_059,6,4463,6223,M7,5462,12,5474,-749,0,749
Job_069,2,5260,6713,M4,5482,75,5557,-1156,0,1156
Job_070,0,5431,6963,M2,5482,84,5566,-1397,0,1397
Job_060,5,4514,6486,M8,5483,52,5535,-951,0,951
Job_057,9,4320,5509,M9,5488,21,5509,0,0,0
Job_068,2,5205,6763,M3,5489,76,5565,-1198,0,1198
Job_062,5,4619,6280,M9,5509,72,5581,-699,0,699
Job_073,0,5443,7256,M1,5517,91,5608,-1648,0,1648
Job_059,7,4463,6223,M6,5535,89,5624,-599,0,599
Job_060,6,4514,6486,M7,5535,85,5620,-866,0,866
Job_064,6,4803,6347,M8,5535,19,5554,-793,0,793
Job_066,4,5053,6670,M8,5554,64,5618,-1052,0,1052
Job_074,0,5561,7100,M0,5561,29,5590,-1510,0,1510
Job_068,3,5205,6763,M5,5565,51,5616,-1147,0,1147
Job_072,0,5442,6787,M2,5566,14,5580,-1207,0,1207
Job_065,4,5021,7071,M2,5580,85,5665,-1406,0,1406
Job_062,6,4619,6280,M0,5590,47,5637,-643,0,643
Job_063,9,4657,5663,M4,5608,55,5663,0,0,0
Job_070,1,5431,6963,M1,5608,2,5610,-1353,0,1353
Job_074,1,5561,7100,M1,5610,78,5688,-1412,0,1412
Job_070,2,5431,6963,M5,5616,52,5668,-1295,0,1295
Job_059,8,4463,6223,M9,5624,45,5669,-554,0,554
Job_072,1,5442,6787,M0,5637,6,5643,-1144,0,1144
Job_073,1,5443,7256,M0,5643,85,5728,-1528,0,1528
Job_068,4,5205,6763,M2,5665,85,5750,-1013,0,1013
Job_066,5,5053,6670,M9,5674,76,5750,-920,0,920
Job_061,9,4551,5730,M6,5677,53,5730,0,0,0
Job_054,9,4003,5718,M4,5685,33,5718,0,0,0
Job_072,2,5442,6787,M1,5688,22,5710,-1077,0,1077
Job_072,3,5442,6787,M5,5710,61,5771,-1016,0,1016
Job_075,0,5660,7124,M1,5710,85,5795,-1329,0,1329
Job_070,3,5431,6963,M3,5717,95,5812,-1151,0,1151
Job_062,7,4619,6280,M6,5730,65,5795,-485,0,485
Job_069,3,5260,6713,M9,5750,11,5761,-952,0,952
Job_074,2,5561,7100,M2,5750,9,5759,-1341,0,1341
Job_071,1,5436,7449,M2,5759,95,5854,-1595,0,1595
Job_066,6,5053,6670,M5,5771,47,5818,-852,0,852
Job_068,5,5205,6763,M9,5783,11,5794,-969,0,969
Job_062,8,4619,6280,M4,5795,6,5801,-479,0,479
Job_068,6,5205,6763,M6,5795,40,5835,-928,0,928
Job_075,1,5660,7124,M0,5795,13,5808,-1316,0,1316
Job_069,4,5260,6713,M3,5812,69,5881,-832,0,832
Job_068,7,5205,6763,M7,5835,89,5924,-839,0,839
Job_065,5,5021,7071,M9,5842,11,5853,-1218,0,1218
Job_058,9,4402,5880,M8,5850,30,5880,0,0,0
Job_064,7,4803,6347,M9,5853,48,5901,-446,0,446
Job_065,6,5021,7071,M6,5853,40,5893,-1178,0,1178
Job_071,2,5436,7449,M0,5854,71,5925,-1524,0,1524
Job_075,2,5660,7124,M2,5854,61,5915,-1209,0,1209
Job_070,4,5431,6963,M8,5880,48,5928,-1035,0,1035
Job_069,5,5260,6713,M1,5881,28,5909,-804,0,804
Job_072,4,5442,6787,M3,5881,26,5907,-880,0,880
Job_066,7,5053,6670,M3,5907,52,5959,-711,0,711
Job_072,5,5442,6787,M4,5907,69,5976,-811,0,811
Job_069,6,5260,6713,M6,5909,46,5955,-758,0,758
Job_064,8,4803,6347,M7,5924,36,5960,-387,0,387
Job_070,5,5431,6963,M9,5928,72,6000,-963,0,963
Job_069,7,5260,6713,M5,5955,46,6001,-712,0,712
Job_075,3,5660,7124,M6,5955,7,5962,-1162,0,1162
Job_074,3,5561,7100,M3,5959,36,5995,-1105,0,1105
Job_075,4,5660,7124,M8,5962,64,6026,-1098,0,1098
Job_066,8,5053,6670,M4,5976,90,6066,-604,0,604
Job_056,9,4220,6028,M7,5983,45,6028,0,0,0
Job_073,2,5443,7256,M3,5995,39,6034,-1222,0,1222
Job_070,6,5431,6963,M0,6000,47,6047,-916,0,916
Job_072,6,5442,6787,M8,6026,21,6047,-740,0,740
Job_075,5,5660,7124,M9,6026,76,6102,-1022,0,1022
Job_069,8,5260,6713,M7,6028,72,6100,-613,0,613
Job_060,7,4514,6486,M3,6034,98,6132,-354,0,354
Job_073,3,5443,7256,M2,6034,74,6108,-1148,0,1148
Job_070,7,5431,6963,M6,6047,65,6112,-851,0,851
Job_068,8,5205,6763,M4,6066,26,6092,-671,0,671
Job_074,4,5561,7100,M4,6092,49,6141,-959,0,959
Job_072,7,5442,6787,M7,6100,49,6149,-638,0,638
Job_075,6,5660,7124,M5,6102,47,6149,-975,0,975
Job_070,8,5431,6963,M4,6141,6,6147,-816,0,816
Job_072,8,5442,6787,M9,6149,72,6221,-566,0,566
Job_074,5,5561,7100,M5,6149,11,6160,-940,0,940
Job_075,7,5660,7124,M3,6149,52,6201,-923,0,923
Job_074,6,5561,7100,M6,6160,62,6222,-878,0,878
Job_073,4,5443,7256,M8,6166,90,6256,-1000,0,1000
Job_059,9,4463,6223,M4,6190,33,6223,0,0,0
Job_060,8,4514,6486,M9,6221,22,6243,-243,0,243
Job_067,5,5156,6708,M6,6222,88,6310,-398,0,398
Job_075,8,5660,7124,M4,6223,90,6313,-811,0,811
Job_062,9,4619,6280,M7,6255,25,6280,0,0,0
Job_073,5,5443,7256,M5,6256,10,6266,-990,0,990
Job_064,9,4803,6347,M3,6268,79,6347,0,0,0
Job_074,7,5561,7100,M7,6280,56,6336,-764,0,764
Job_067,6,5156,6708,M8,6310,19,6329,-379,0,379
Job_067,7,5156,6708,M9,6329,48,6377,-331,0,331
Job_073,6,5443,7256,M7,6336,12,6348,-908,0,908
Job_074,8,5561,7100,M8,6336,44,6380,-720,0,720
Job_071,3,5436,7449,M4,6339,99,6438,-1011,0,1011
Job_065,7,5021,7071,M7,6348,89,6437,-634,0,634
Job_073,7,5443,7256,M6,6348,89,6437,-819,0,819
Job_067,8,5156,6708,M7,6437,36,6473,-235,0,235
Job_073,8,5443,7256,M9,6437,45,6482,-774,0,774
Job_065,8,5021,7071,M4,6438,26,6464,-607,0,607
Job_071,4,5436,7449,M6,6438,9,6447,-1002,0,1002
Job_060,9,4514,6486,M5,6443,43,6486,0,0,0
Job_071,5,5436,7449,M8,6447,52,6499,-950,0,950
Job_071,6,5436,7449,M7,6499,85,6584,-865,0,865
Job_052,9,3996,6613,M5,6570,43,6613,0,0,0
Job_066,9,5053,6670,M7,6625,45,6670,0,0,0
Job_067,9,5156,6708,M3,6629,79,6708,0,0,0
Job_069,9,5260,6713,M8,6659,30,6689,-24,0,24
Job_068,9,5205,6763,M8,6689,74,6763,0,0,0
Job_071,7,5436,7449,M3,6708,98,6806,-643,0,643
Job_072,9,5442,6787,M6,6734,53,6787,0,0,0
Job_071,8,5436,7449,M9,6806,22,6828,-621,0,621
Job_070,9,5431,6963,M7,6938,25,6963,0,0,0
Job_065,9,5021,7071,M8,6997,74,7071,0,0,0
Job_074,9,5561,7100,M9,7079,21,7100,0,0,0
Job_075,9,5660,7124,M7,7079,45,7124,0,0,0
Job_073,9,5443,7256,M4,7223,33,7256,0,0,0
Job_071,9,5436,7449,M5,7406,43,7449,0,0,0
