Job,Operation,Arrival,Deadline,Machine,Start,Processing Time,End,Lateness,Tardiness,Earliness
Job_009,6,718,2419,M5,1468,47,1515,-904,0,904
Job_012,8,921,2528,M7,1468,72,1540,-988,0,988
Job_008,5,687,2567,M9,1470,11,1481,-1086,0,1086
Job_017,2,1216,2460,M2,1470,9,1479,-981,0,981
Job_017,3,1216,2460,M3,1479,36,1515,-945,0,945
Job_010,2,819,2517,M1,1481,46,1527,-990,0,990
Job_013,5,1088,2651,M9,1481,72,1553,-1098,0,1098
Job_014,4,1093,3157,M6,1503,9,1512,-1645,0,1645
Job_018,1,1312,3014,M0,1511,13,1524,-1490,0,1490
Job_011,6,867,2748,M6,1512,40,1552,-1196,0,1196
Job_014,5,1093,3157,M8,1512,52,1564,-1593,0,1593
Job_016,2,1100,2890,M3,1515,39,1554,-1336,0,1336
Job_015,1,1099,2338,M0,1524,6,1530,-808,0,808
Job_018,2,1312,3014,M2,1524,61,1585,-1429,0,1429
Job_015,2,1099,2338,M1,1530,22,1552,-786,0,786
Job_020,0,1520,3127,M0,1530,43,1573,-1554,0,1554
Job_017,4,1216,2460,M4,1531,49,1580,-880,0,880
Job_015,3,1099,2338,M5,1552,61,1613,-725,0,725
Job_009,7,718,2419,M3,1554,52,1606,-813,0,813
Job_014,6,1093,3157,M7,1564,85,1649,-1508,0,1508
Job_019,0,1440,2684,M0,1573,29,1602,-1082,0,1082
Job_021,0,1580,3369,M1,1580,91,1671,-1698,0,1698
Job_018,3,1312,3014,M6,1585,7,1592,-1422,0,1422
Job_020,1,1520,3127,M2,1585,90,1675,-1452,0,1452
Job_006,9,330,1641,M4,1586,55,1641,0,0,0
Job_008,6,687,2567,M6,1592,40,1632,-935,0,935
Job_018,4,1312,3014,M8,1592,64,1656,-1358,0,1358
Job_013,6,1088,2651,M0,1602,47,1649,-1002,0,1002
Job_010,3,819,2517,M5,1613,74,1687,-830,0,830
Job_015,4,1099,2338,M3,1613,26,1639,-699,0,699
Job_015,5,1099,2338,M4,1641,69,1710,-628,0,628
Job_011,7,867,2748,M7,1649,89,1738,-1010,0,1010
Job_013,7,1088,2651,M6,1649,65,1714,-937,0,937
Job_014,7,1093,3157,M3,1649,98,1747,-1410,0,1410
Job_018,5,1312,3014,M9,1656,76,1732,-1282,0,1282
Job_001,9,80,1687,M8,1657,30,1687,0,0,0
Job_021,1,1580,3369,M0,1671,85,1756,-1613,0,1613
Job_022,0,1631,3694,M1,1671,81,1752,-1942,0,1942
Job_015,6,1099,2338,M8,1710,21,1731,-607,0,607
Job_013,8,1088,2651,M4,1725,6,1731,-920,0,920
Job_010,4,819,2517,M4,1731,32,1763,-754,0,754
Job_018,6,1312,3014,M5,1732,47,1779,-1235,0,1235
Job_024,0,1733,3296,M2,1733,84,1817,-1479,0,1479
Job_008,7,687,2567,M7,1738,89,1827,-740,0,740
Job_014,8,1093,3157,M9,1747,22,1769,-1388,0,1388
Job_020,2,1520,3127,M4,1763,75,1838,-1289,0,1289
Job_010,5,819,2517,M6,1766,88,1854,-663,0,663
Job_025,0,1770,3081,M1,1770,46,1816,-1265,0,1265
Job_021,2,1580,3369,M3,1808,39,1847,-1522,0,1522
Job_025,1,1770,3081,M0,1816,37,1853,-1228,0,1228
Job_022,1,1631,3694,M2,1817,95,1912,-1782,0,1782
Job_024,1,1733,3296,M1,1817,2,1819,-1477,0,1477
Job_019,1,1440,2684,M1,1819,78,1897,-787,0,787
Job_024,2,1733,3296,M5,1827,52,1879,-1417,0,1417
Job_005,9,293,1856,M7,1831,25,1856,0,0,0
Job_008,8,687,2567,M4,1838,26,1864,-703,0,703
Job_020,3,1520,3127,M9,1838,11,1849,-1278,0,1278
Job_020,4,1520,3127,M3,1849,69,1918,-1209,0,1209
Job_010,6,819,2517,M8,1854,19,1873,-644,0,644
Job_015,7,1099,2338,M7,1856,49,1905,-433,0,433
Job_011,8,867,2748,M4,1864,26,1890,-858,0,858
Job_010,7,819,2517,M9,1873,48,1921,-596,0,596
Job_017,5,1216,2460,M5,1879,11,1890,-570,0,570
Job_002,9,140,1929,M4,1896,33,1929,0,0,0
Job_023,0,1666,2905,M2,1912,14,1926,-979,0,979
Job_018,7,1312,3014,M3,1918,52,1970,-1044,0,1044
Job_020,5,1520,3127,M1,1918,28,1946,-1181,0,1181
Job_010,8,819,2517,M7,1921,36,1957,-560,0,560
Job_015,8,1099,2338,M9,1921,72,1993,-345,0,345
Job_023,1,1666,2905,M0,1926,6,1932,-973,0,973
Job_026,0,1913,3611,M2,1926,31,1957,-1654,0,1654
Job_009,8,718,2419,M4,1929,90,2019,-400,0,400
Job_023,2,1666,2905,M1,1946,22,1968,-937,0,937
Job_020,6,1520,3127,M6,1957,46,2003,-1124,0,1124
Job_021,3,1580,3369,M2,1957,74,2031,-1338,0,1338
Job_026,1,1913,3611,M0,1957,86,2043,-1568,0,1568
Job_023,3,1666,2905,M5,1968,61,2029,-876,0,876
Job_025,2,1770,3081,M3,1994,61,2055,-1026,0,1026
Job_017,6,1216,2460,M6,2003,62,2065,-395,0,395
Job_020,7,1520,3127,M5,2029,46,2075,-1052,0,1052
Job_019,2,1440,2684,M2,2031,9,2040,-644,0,644
Job_021,4,1580,3369,M8,2042,90,2132,-1237,0,1237
Job_022,2,1631,3694,M0,2043,71,2114,-1580,0,1580
Job_026,2,1913,3611,M1,2043,46,2089,-1522,0,1522
Job_019,3,1440,2684,M3,2055,36,2091,-593,0,593
Job_025,3,1770,3081,M2,2055,13,2068,-1013,0,1013
Job_016,3,1100,2890,M2,2068,74,2142,-748,0,748
Job_025,4,1770,3081,M6,2068,32,2100,-981,0,981
Job_020,8,1520,3127,M7,2075,72,2147,-980,0,980
Job_019,4,1440,2684,M4,2091,49,2140,-544,0,544
Job_007,9,473,2171,M3,2092,79,2171,0,0,0
Job_025,5,1770,3081,M5,2100,21,2121,-960,0,960
Job_025,6,1770,3081,M9,2121,32,2153,-928,0,928
Job_019,5,1440,2684,M5,2140,11,2151,-533,0,533
Job_016,4,1100,2890,M8,2142,90,2232,-658,0,658
Job_017,7,1216,2460,M7,2147,56,2203,-257,0,257
Job_019,6,1440,2684,M6,2151,62,2213,-471,0,471
Job_028,0,2158,3859,M1,2158,85,2243,-1616,0,1616
Job_027,0,2127,4007,M0,2161,76,2237,-1770,0,1770
Job_023,4,1666,2905,M3,2171,26,2197,-708,0,708
Job_021,5,1580,3369,M5,2195,10,2205,-1164,0,1164
Job_023,5,1666,2905,M4,2197,69,2266,-639,0,639
Job_024,3,1733,3296,M3,2197,95,2292,-1004,0,1004
Job_021,6,1580,3369,M7,2205,12,2217,-1152,0,1152
Job_003,9,191,2254,M5,2211,43,2254,0,0,0
Job_019,7,1440,2684,M7,2217,56,2273,-411,0,411
Job_017,8,1216,2460,M8,2232,44,2276,-184,0,184
Job_027,1,2127,4007,M1,2243,69,2312,-1695,0,1695
Job_028,1,2158,3859,M0,2250,13,2263,-1596,0,1596
Job_016,5,1100,2890,M5,2254,10,2264,-626,0,626
Job_029,0,2259,3957,M2,2259,31,2290,-1667,0,1667
Job_026,3,1913,3611,M5,2264,74,2338,-1273,0,1273
Job_022,3,1631,3694,M4,2266,99,2365,-1329,0,1329
Job_016,6,1100,2890,M7,2273,12,2285,-605,0,605
Job_023,6,1666,2905,M8,2276,21,2297,-608,0,608
Job_015,9,1099,2338,M6,2285,53,2338,0,0,0
Job_028,2,2158,3859,M2,2290,61,2351,-1508,0,1508
Job_024,4,1733,3296,M8,2297,48,2345,-951,0,951
Job_030,0,2307,4188,M0,2307,76,2383,-1805,0,1805
Job_027,2,2127,4007,M3,2312,76,2388,-1619,0,1619
Job_019,8,1440,2684,M8,2345,44,2389,-295,0,295
Job_024,5,1733,3296,M9,2345,72,2417,-879,0,879
Job_028,3,2158,3859,M6,2351,7,2358,-1501,0,1501
Job_016,7,1100,2890,M6,2358,89,2447,-443,0,443
Job_026,4,1913,3611,M4,2365,32,2397,-1214,0,1214
Job_009,9,718,2419,M7,2374,45,2419,0,0,0
Job_030,1,2307,4188,M1,2383,69,2452,-1736,0,1736
Job_031,0,2361,3968,M0,2383,43,2426,-1542,0,1542
Job_027,3,2127,4007,M5,2388,51,2439,-1568,0,1568
Job_028,4,2158,3859,M8,2389,64,2453,-1406,0,1406
Job_018,8,1312,3014,M4,2397,90,2487,-527,0,527
Job_023,7,1666,2905,M7,2419,49,2468,-437,0,437
Job_029,1,2259,3957,M0,2426,86,2512,-1445,0,1445
Job_031,1,2361,3968,M2,2426,90,2516,-1452,0,1452
Job_010,9,819,2517,M3,2438,79,2517,0,0,0
Job_017,9,1216,2460,M9,2438,21,2459,-1,0,1
Job_028,5,2158,3859,M9,2459,76,2535,-1324,0,1324
Job_012,9,921,2528,M8,2463,30,2493,-35,0,35
Job_021,7,1580,3369,M6,2472,89,2561,-808,0,808
Job_008,9,687,2567,M8,2493,74,2567,0,0,0
Job_029,2,2259,3957,M1,2512,46,2558,-1399,0,1399
Job_031,2,2361,3968,M4,2516,75,2591,-1377,0,1377
Job_030,2,2307,4188,M3,2517,76,2593,-1595,0,1595
Job_023,8,1666,2905,M9,2535,72,2607,-298,0,298
Job_034,0,2539,3778,M2,2539,14,2553,-1225,0,1225
Job_028,6,2158,3859,M5,2550,47,2597,-1262,0,1262
Job_032,0,2528,4091,M2,2553,84,2637,-1454,0,1454
Job_034,1,2539,3778,M0,2553,6,2559,-1219,0,1219
Job_024,6,1733,3296,M0,2559,47,2606,-690,0,690
Job_034,2,2539,3778,M1,2559,22,2581,-1197,0,1197
Job_022,4,1631,3694,M6,2561,9,2570,-1124,0,1124
Job_025,7,1770,3081,M8,2567,89,2656,-425,0,425
Job_026,5,1913,3611,M6,2570,88,2658,-953,0,953
Job_035,0,2540,4330,M1,2581,91,2672,-1658,0,1658
Job_028,7,2158,3859,M3,2597,52,2649,-1210,0,1210
Job_030,3,2307,4188,M5,2597,51,2648,-1540,0,1540
Job_031,3,2361,3968,M9,2607,11,2618,-1350,0,1350
Job_016,8,1100,2890,M9,2618,45,2663,-227,0,227
Job_013,9,1088,2651,M7,2626,25,2651,0,0,0
Job_030,4,2307,4188,M2,2648,85,2733,-1455,0,1455
Job_034,3,2539,3778,M5,2648,61,2709,-1069,0,1069
Job_028,8,2158,3859,M4,2649,90,2739,-1120,0,1120
Job_031,4,2361,3968,M3,2649,69,2718,-1250,0,1250
Job_025,8,1770,3081,M7,2656,30,2686,-395,0,395
Job_036,0,2656,3900,M0,2656,29,2685,-1215,0,1215
Job_024,7,1733,3296,M6,2658,65,2723,-573,0,573
Job_019,9,1440,2684,M9,2663,21,2684,0,0,0
Job_032,1,2528,4091,M1,2672,2,2674,-1417,0,1417
Job_011,9,867,2748,M8,2674,74,2748,0,0,0
Job_033,0,2533,4597,M1,2674,81,2755,-1842,0,1842
Job_021,8,1580,3369,M9,2684,45,2729,-640,0,640
Job_035,1,2540,4330,M0,2685,85,2770,-1560,0,1560
Job_032,2,2528,4091,M5,2709,52,2761,-1330,0,1330
Job_034,4,2539,3778,M3,2718,26,2744,-1034,0,1034
Job_030,5,2307,4188,M9,2733,11,2744,-1444,0,1444
Job_024,8,1733,3296,M4,2739,6,2745,-551,0,551
Job_030,6,2307,4188,M6,2744,40,2784,-1404,0,1404
Job_034,5,2539,3778,M4,2745,69,2814,-964,0,964
Job_022,5,1631,3694,M8,2748,52,2800,-894,0,894
Job_033,1,2533,4597,M2,2755,95,2850,-1747,0,1747
Job_037,0,2752,4454,M1,2755,85,2840,-1614,0,1614
Job_029,3,2259,3957,M5,2761,74,2835,-1122,0,1122
Job_032,3,2528,4091,M3,2761,95,2856,-1235,0,1235
Job_030,7,2307,4188,M7,2784,89,2873,-1315,0,1315
Job_034,6,2539,3778,M8,2814,21,2835,-943,0,943
Job_026,6,1913,3611,M8,2835,19,2854,-757,0,757
Job_031,5,2361,3968,M1,2840,28,2868,-1100,0,1100
Job_037,1,2752,4454,M0,2840,13,2853,-1601,0,1601
Job_023,9,1666,2905,M6,2852,53,2905,0,0,0
Job_033,2,2533,4597,M0,2853,71,2924,-1673,0,1673
Job_037,2,2752,4454,M2,2853,61,2914,-1540,0,1540
Job_026,7,1913,3611,M9,2854,48,2902,-709,0,709
Job_032,4,2528,4091,M8,2856,48,2904,-1187,0,1187
Job_035,2,2540,4330,M3,2856,39,2895,-1435,0,1435
Job_016,9,1100,2890,M4,2857,33,2890,0,0,0
Job_036,1,2656,3900,M1,2868,78,2946,-954,0,954
Job_022,6,1631,3694,M7,2873,85,2958,-736,0,736
Job_029,4,2259,3957,M4,2890,32,2922,-1035,0,1035
Job_031,6,2361,3968,M6,2905,46,2951,-1017,0,1017
Job_032,5,2528,4091,M9,2909,72,2981,-1110,0,1110
Job_035,3,2540,4330,M2,2914,74,2988,-1342,0,1342
Job_033,3,2533,4597,M4,2924,99,3023,-1574,0,1574
Job_038,0,2880,4124,M0,2924,29,2953,-1171,0,1171
Job_031,7,2361,3968,M5,2951,46,2997,-971,0,971
Job_037,3,2752,4454,M6,2951,7,2958,-1496,0,1496
Job_038,1,2880,4124,M1,2953,78,3031,-1093,0,1093
Job_022,7,1631,3694,M3,2958,98,3056,-638,0,638
Job_037,4,2752,4454,M8,2958,64,3022,-1432,0,1432
Job_039,0,2960,4567,M0,2960,43,3003,-1564,0,1564
Job_018,9,1312,3014,M7,2969,45,3014,0,0,0
Job_036,2,2656,3900,M2,2988,9,2997,-903,0,903
Job_032,6,2528,4091,M0,3003,47,3050,-1041,0,1041
Job_039,1,2960,4567,M2,3003,90,3093,-1474,0,1474
Job_034,7,2539,3778,M7,3014,49,3063,-715,0,715
Job_037,5,2752,4454,M9,3022,76,3098,-1356,0,1356
Job_033,4,2533,4597,M6,3023,9,3032,-1565,0,1565
Job_025,9,1770,3081,M4,3026,55,3081,0,0,0
Job_033,5,2533,4597,M8,3032,52,3084,-1513,0,1513
Job_032,7,2528,4091,M6,3050,65,3115,-976,0,976
Job_036,3,2656,3900,M3,3056,36,3092,-808,0,808
Job_041,0,3071,5134,M1,3071,81,3152,-1982,0,1982
Job_033,6,2533,4597,M7,3084,85,3169,-1428,0,1428
Job_038,2,2880,4124,M2,3093,9,3102,-1022,0,1022
Job_039,2,2960,4567,M4,3093,75,3168,-1399,0,1399
Job_020,9,1520,3127,M8,3097,30,3127,0,0,0
Job_034,8,2539,3778,M9,3098,72,3170,-608,0,608
Job_038,3,2880,4124,M3,3102,36,3138,-986,0,986
Job_042,0,3106,4345,M2,3106,14,3120,-1225,0,1225
Job_014,9,1093,3157,M5,3114,43,3157,0,0,0
Job_029,5,2259,3957,M6,3115,88,3203,-754,0,754
Job_042,1,3106,4345,M0,3120,6,3126,-1219,0,1219
Job_035,4,2540,4330,M8,3127,90,3217,-1113,0,1113
Job_040,0,3020,4809,M1,3152,91,3243,-1566,0,1566
Job_041,1,3071,5134,M2,3152,95,3247,-1887,0,1887
Job_037,6,2752,4454,M5,3157,47,3204,-1250,0,1250
Job_032,8,2528,4091,M4,3168,6,3174,-917,0,917
Job_031,8,2361,3968,M7,3169,72,3241,-727,0,727
Job_033,7,2533,4597,M3,3169,98,3267,-1330,0,1330
Job_039,3,2960,4567,M9,3170,11,3181,-1386,0,1386
Job_036,4,2656,3900,M4,3174,49,3223,-677,0,677
Job_022,8,1631,3694,M9,3181,22,3203,-491,0,491
Job_029,6,2259,3957,M8,3217,19,3236,-721,0,721
Job_035,5,2540,4330,M5,3217,10,3227,-1103,0,1103
Job_038,4,2880,4124,M4,3223,49,3272,-852,0,852
Job_036,5,2656,3900,M5,3227,11,3238,-662,0,662
Job_036,6,2656,3900,M6,3238,62,3300,-600,0,600
Job_035,6,2540,4330,M7,3241,12,3253,-1077,0,1077
Job_040,1,3020,4809,M0,3243,85,3328,-1481,0,1481
Job_044,0,3210,4521,M1,3243,46,3289,-1232,0,1232
Job_043,0,3173,4736,M2,3247,84,3331,-1405,0,1405
Job_033,8,2533,4597,M9,3267,22,3289,-1308,0,1308
Job_039,4,2960,4567,M3,3267,69,3336,-1231,0,1231
Job_024,9,1733,3296,M7,3271,25,3296,0,0,0
Job_030,8,2307,4188,M4,3272,26,3298,-890,0,890
Job_038,5,2880,4124,M5,3272,11,3283,-841,0,841
Job_029,7,2259,3957,M9,3289,48,3337,-620,0,620
Job_042,2,3106,4345,M1,3289,22,3311,-1034,0,1034
Job_035,7,2540,4330,M6,3300,89,3389,-941,0,941
Job_036,7,2656,3900,M7,3300,56,3356,-544,0,544
Job_041,2,3071,5134,M0,3328,71,3399,-1735,0,1735
Job_043,1,3173,4736,M1,3331,2,3333,-1403,0,1403
Job_043,2,3173,4736,M5,3333,52,3385,-1351,0,1351
Job_021,9,1580,3369,M4,3336,33,3369,0,0,0
Job_039,5,2960,4567,M1,3336,28,3364,-1203,0,1203
Job_040,2,3020,4809,M3,3336,39,3375,-1434,0,1434
Job_045,0,3353,5051,M2,3353,31,3384,-1667,0,1667
Job_029,8,2259,3957,M7,3356,36,3392,-565,0,565
Job_036,8,2656,3900,M8,3356,44,3400,-500,0,500
Job_040,3,3020,4809,M2,3384,74,3458,-1351,0,1351
Job_042,3,3106,4345,M5,3385,61,3446,-899,0,899
Job_043,3,3173,4736,M3,3385,95,3480,-1256,0,1256
Job_035,8,2540,4330,M9,3389,45,3434,-896,0,896
Job_039,6,2960,4567,M6,3389,46,3435,-1132,0,1132
Job_026,8,1913,3611,M7,3392,36,3428,-183,0,183
Job_041,3,3071,5134,M4,3399,99,3498,-1636,0,1636
Job_045,1,3353,5051,M0,3399,86,3485,-1566,0,1566
Job_038,6,2880,4124,M6,3435,62,3497,-627,0,627
Job_039,7,2960,4567,M5,3446,46,3492,-1075,0,1075
Job_027,4,2127,4007,M2,3458,85,3543,-464,0,464
Job_037,7,2752,4454,M3,3480,52,3532,-922,0,922
Job_043,4,3173,4736,M8,3480,48,3528,-1208,0,1208
Job_044,1,3210,4521,M0,3485,37,3522,-999,0,999
Job_045,2,3353,5051,M1,3485,46,3531,-1520,0,1520
Job_039,8,2960,4567,M7,3492,72,3564,-1003,0,1003
Job_041,4,3071,5134,M6,3499,9,3508,-1626,0,1626
Job_041,5,3071,5134,M8,3528,52,3580,-1554,0,1554
Job_045,3,3353,5051,M5,3531,74,3605,-1446,0,1446
Job_026,9,1913,3611,M3,3532,79,3611,0,0,0
Job_027,5,2127,4007,M9,3543,11,3554,-453,0,453
Job_027,6,2127,4007,M6,3554,40,3594,-413,0,413
Job_043,5,3173,4736,M9,3554,72,3626,-1110,0,1110
Job_046,0,3567,5447,M0,3567,76,3643,-1804,0,1804
Job_040,4,3020,4809,M8,3580,90,3670,-1139,0,1139
Job_041,6,3071,5134,M7,3580,85,3665,-1469,0,1469
Job_047,0,3598,5299,M1,3598,85,3683,-1616,0,1616
Job_045,4,3353,5051,M4,3605,32,3637,-1414,0,1414
Job_044,2,3210,4521,M3,3611,61,3672,-849,0,849
Job_037,8,2752,4454,M4,3637,90,3727,-727,0,727
Job_045,5,3353,5051,M6,3637,88,3725,-1326,0,1326
Job_043,6,3173,4736,M0,3643,47,3690,-1046,0,1046
Job_022,9,1631,3694,M5,3651,43,3694,0,0,0
Job_042,4,3106,4345,M3,3672,26,3698,-647,0,647
Job_044,3,3210,4521,M2,3672,13,3685,-836,0,836
Job_046,1,3567,5447,M1,3683,69,3752,-1695,0,1695
Job_047,1,3598,5299,M0,3692,13,3705,-1594,0,1594
Job_040,5,3020,4809,M5,3694,10,3704,-1105,0,1105
Job_041,7,3071,5134,M3,3698,98,3796,-1338,0,1338
Job_048,0,3699,5397,M2,3699,31,3730,-1667,0,1667
Job_040,6,3020,4809,M7,3704,12,3716,-1093,0,1093
Job_027,7,2127,4007,M7,3716,89,3805,-202,0,202
Job_034,9,2539,3778,M6,3725,53,3778,0,0,0
Job_045,6,3353,5051,M8,3725,19,3744,-1307,0,1307
Job_042,5,3106,4345,M4,3727,69,3796,-549,0,549
Job_047,2,3598,5299,M2,3730,61,3791,-1508,0,1508
Job_048,1,3699,5397,M0,3730,86,3816,-1581,0,1581
Job_045,7,3353,5051,M9,3744,48,3792,-1259,0,1259
Job_047,3,3598,5299,M6,3791,7,3798,-1501,0,1501
Job_041,8,3071,5134,M9,3796,22,3818,-1316,0,1316
Job_042,6,3106,4345,M8,3796,21,3817,-528,0,528
Job_046,2,3567,5447,M3,3796,76,3872,-1575,0,1575
Job_043,7,3173,4736,M6,3798,65,3863,-873,0,873
Job_027,8,2127,4007,M4,3805,26,3831,-176,0,176
Job_028,9,2158,3859,M7,3814,45,3859,0,0,0
Job_048,2,3699,5397,M1,3816,46,3862,-1535,0,1535
Job_050,0,3801,5408,M0,3816,43,3859,-1549,0,1549
Job_047,4,3598,5299,M8,3817,64,3881,-1418,0,1418
Job_042,7,3106,4345,M7,3859,49,3908,-437,0,437
Job_049,0,3747,5628,M0,3859,76,3935,-1693,0,1693
Job_050,1,3801,5408,M2,3859,90,3949,-1459,0,1459
Job_048,3,3699,5397,M5,3862,74,3936,-1461,0,1461
Job_040,7,3020,4809,M6,3863,89,3952,-857,0,857
Job_043,8,3173,4736,M4,3863,6,3869,-867,0,867
Job_029,9,2259,3957,M3,3878,79,3957,0,0,0
Job_036,9,2656,3900,M9,3879,21,3900,0,0,0
Job_047,5,3598,5299,M9,3900,76,3976,-1323,0,1323
Job_031,9,2361,3968,M8,3903,30,3933,-35,0,35
Job_038,7,2880,4124,M7,3908,56,3964,-160,0,160
Job_027,9,2127,4007,M8,3933,74,4007,0,0,0
Job_046,3,3567,5447,M5,3936,51,3987,-1460,0,1460
Job_048,4,3699,5397,M4,3936,32,3968,-1429,0,1429
Job_044,4,3210,4521,M6,3952,32,3984,-537,0,537
Job_045,8,3353,5051,M7,3964,36,4000,-1051,0,1051
Job_050,2,3801,5408,M4,3968,75,4043,-1365,0,1365
Job_052,0,3973,6037,M1,3973,81,4054,-1983,0,1983
Job_042,8,3106,4345,M9,3976,72,4048,-297,0,297
Job_053,0,3979,5218,M2,3979,14,3993,-1225,0,1225
Job_048,5,3699,5397,M6,3984,88,4072,-1325,0,1325
Job_047,6,3598,5299,M5,3987,47,4034,-1265,0,1265
Job_051,0,3968,5531,M2,3993,84,4077,-1454,0,1454
Job_053,1,3979,5218,M0,3993,6,3999,-1219,0,1219
Job_038,8,2880,4124,M8,4007,44,4051,-73,0,73
Job_044,5,3210,4521,M5,4034,21,4055,-466,0,466
Job_047,7,3598,5299,M3,4034,52,4086,-1213,0,1213
Job_050,3,3801,5408,M9,4048,11,4059,-1349,0,1349
Job_053,2,3979,5218,M1,4054,22,4076,-1142,0,1142
Job_044,6,3210,4521,M9,4059,32,4091,-430,0,430
Job_032,9,2528,4091,M7,4066,25,4091,0,0,0
Job_048,6,3699,5397,M8,4073,19,4092,-1305,0,1305
Job_053,3,3979,5218,M5,4076,61,4137,-1081,0,1081
Job_051,1,3968,5531,M1,4077,2,4079,-1452,0,1452
Job_052,1,3973,6037,M2,4077,95,4172,-1865,0,1865
Job_054,0,3980,5770,M1,4079,91,4170,-1600,0,1600
Job_047,8,3598,5299,M4,4086,90,4176,-1123,0,1123
Job_050,4,3801,5408,M3,4086,69,4155,-1253,0,1253
Job_055,0,4096,5340,M0,4096,29,4125,-1215,0,1215
Job_038,9,2880,4124,M9,4103,21,4124,0,0,0
Job_030,9,2307,4188,M8,4114,74,4188,0,0,0
Job_040,8,3020,4809,M9,4124,45,4169,-640,0,640
Job_051,2,3968,5531,M5,4137,52,4189,-1342,0,1342
Job_053,4,3979,5218,M3,4155,26,4181,-1037,0,1037
Job_048,7,3699,5397,M9,4169,48,4217,-1180,0,1180
Job_050,5,3801,5408,M1,4170,28,4198,-1210,0,1210
Job_046,4,3567,5447,M2,4172,85,4257,-1190,0,1190
Job_052,2,3973,6037,M0,4173,71,4244,-1793,0,1793
Job_053,5,3979,5218,M4,4181,69,4250,-968,0,968
Job_044,7,3210,4521,M8,4188,89,4277,-244,0,244
Job_051,3,3968,5531,M3,4189,95,4284,-1247,0,1247
Job_050,6,3801,5408,M6,4198,46,4244,-1164,0,1164
Job_056,0,4192,5894,M1,4198,85,4283,-1611,0,1611
Job_048,8,3699,5397,M7,4217,36,4253,-1144,0,1144
Job_050,7,3801,5408,M5,4244,46,4290,-1118,0,1118
Job_046,5,3567,5447,M9,4257,11,4268,-1179,0,1179
Job_044,8,3210,4521,M7,4277,30,4307,-214,0,214
Job_053,6,3979,5218,M8,4277,21,4298,-920,0,920
Job_055,1,4096,5340,M1,4283,78,4361,-979,0,979
Job_056,1,4192,5894,M0,4283,13,4296,-1598,0,1598
Job_042,9,3106,4345,M6,4292,53,4345,0,0,0
Job_054,1,3980,5770,M0,4296,85,4381,-1389,0,1389
Job_056,2,4192,5894,M2,4296,61,4357,-1537,0,1537
Job_035,9,2540,4330,M4,4297,33,4330,0,0,0
Job_051,4,3968,5531,M8,4298,48,4346,-1185,0,1185
Job_050,8,3801,5408,M7,4307,72,4379,-1029,0,1029
Job_052,3,3973,6037,M4,4330,99,4429,-1608,0,1608
Job_051,5,3968,5531,M9,4346,72,4418,-1113,0,1113
Job_056,3,4192,5894,M6,4357,7,4364,-1530,0,1530
Job_049,1,3747,5628,M1,4361,69,4430,-1198,0,1198
Job_055,2,4096,5340,M2,4361,9,4370,-970,0,970
Job_046,6,3567,5447,M6,4364,40,4404,-1043,0,1043
Job_056,4,4192,5894,M8,4364,64,4428,-1466,0,1466
Job_055,3,4096,5340,M3,4370,36,4406,-934,0,934
Job_057,0,4320,5564,M0,4381,29,4410,-1154,0,1154
Job_054,2,3980,5770,M3,4406,39,4445,-1325,0,1325
Job_037,9,2752,4454,M7,4409,45,4454,0,0,0
Job_051,6,3968,5531,M0,4418,47,4465,-1066,0,1066
Job_056,5,4192,5894,M9,4428,76,4504,-1390,0,1390
Job_052,4,3973,6037,M6,4429,9,4438,-1599,0,1599
Job_052,5,3973,6037,M8,4438,52,4490,-1547,0,1547
Job_049,2,3747,5628,M3,4445,76,4521,-1107,0,1107
Job_054,3,3980,5770,M2,4445,74,4519,-1251,0,1251
Job_053,7,3979,5218,M7,4454,49,4503,-715,0,715
Job_059,0,4460,6249,M1,4460,91,4551,-1698,0,1698
Job_051,7,3968,5531,M6,4465,65,4530,-1001,0,1001
Job_058,0,4400,6007,M0,4465,43,4508,-1499,0,1499
Job_044,9,3210,4521,M4,4466,55,4521,0,0,0
Job_052,6,3973,6037,M7,4503,85,4588,-1449,0,1449
Job_053,8,3979,5218,M9,4504,72,4576,-642,0,642
Job_056,6,4192,5894,M5,4504,47,4551,-1343,0,1343
Job_058,1,4400,6007,M2,4519,90,4609,-1398,0,1398
Job_051,8,3968,5531,M4,4530,6,4536,-995,0,995
Job_055,4,4096,5340,M4,4536,49,4585,-755,0,755
Job_039,9,2960,4567,M8,4537,30,4567,0,0,0
Job_056,7,4192,5894,M3,4551,52,4603,-1291,0,1291
Job_057,1,4320,5564,M1,4551,78,4629,-935,0,935
Job_059,1,4460,6249,M0,4551,85,4636,-1613,0,1613
Job_033,9,2533,4597,M5,4554,43,4597,0,0,0
Job_054,4,3980,5770,M8,4567,90,4657,-1113,0,1113
Job_046,7,3567,5447,M7,4588,89,4677,-770,0,770
Job_055,5,4096,5340,M5,4597,11,4608,-732,0,732
Job_052,7,3973,6037,M3,4603,98,4701,-1336,0,1336
Job_056,8,4192,5894,M4,4603,90,4693,-1201,0,1201
Job_049,3,3747,5628,M5,4608,51,4659,-969,0,969
Job_055,6,4096,5340,M6,4608,62,4670,-670,0,670
Job_061,0,4546,5785,M2,4609,14,4623,-1162,0,1162
Job_057,2,4320,5564,M2,4629,9,4638,-926,0,926
Job_061,1,4546,5785,M0,4636,6,4642,-1143,0,1143
Job_063,0,4650,5961,M1,4650,46,4696,-1265,0,1265
Job_049,4,3747,5628,M2,4659,85,4744,-884,0,884
Job_054,5,3980,5770,M5,4659,10,4669,-1101,0,1101
Job_054,6,3980,5770,M7,4677,12,4689,-1081,0,1081
Job_054,7,3980,5770,M6,4689,89,4778,-992,0,992
Job_046,8,3567,5447,M4,4693,26,4719,-728,0,728
Job_061,2,4546,5785,M1,4696,22,4718,-1067,0,1067
Job_063,1,4650,5961,M0,4696,37,4733,-1228,0,1228
Job_052,8,3973,6037,M9,4701,22,4723,-1314,0,1314
Job_057,3,4320,5564,M3,4701,36,4737,-827,0,827
Job_043,9,3173,4736,M7,4711,25,4736,0,0,0
Job_060,0,4511,6574,M1,4718,81,4799,-1775,0,1775
Job_061,3,4546,5785,M5,4718,61,4779,-1006,0,1006
Job_055,7,4096,5340,M7,4736,56,4792,-548,0,548
Job_063,2,4650,5961,M3,4737,61,4798,-1163,0,1163
Job_049,5,3747,5628,M9,4744,11,4755,-873,0,873
Job_062,0,4613,6176,M2,4744,84,4828,-1348,0,1348
Job_040,9,3020,4809,M4,4776,33,4809,0,0,0
Job_049,6,3747,5628,M6,4778,40,4818,-810,0,810
Job_054,8,3980,5770,M9,4778,45,4823,-947,0,947
Job_055,8,4096,5340,M8,4792,44,4836,-504,0,504
Job_061,4,4546,5785,M3,4798,26,4824,-961,0,961
Job_057,4,4320,5564,M4,4809,49,4858,-706,0,706
Job_049,7,3747,5628,M7,4818,89,4907,-721,0,721
Job_059,2,4460,6249,M3,4824,39,4863,-1386,0,1386
Job_062,1,4613,6176,M1,4828,2,4830,-1346,0,1346
Job_063,3,4650,5961,M2,4828,13,4841,-1120,0,1120
Job_062,2,4613,6176,M5,4830,52,4882,-1294,0,1294
Job_060,1,4511,6574,M2,4841,95,4936,-1638,0,1638
Job_063,4,4650,5961,M6,4841,32,4873,-1088,0,1088
Job_057,5,4320,5564,M5,4882,11,4893,-671,0,671
Job_057,6,4320,5564,M6,4893,62,4955,-609,0,609
Job_063,5,4650,5961,M5,4893,21,4914,-1047,0,1047
Job_049,8,3747,5628,M4,4907,26,4933,-695,0,695
Job_063,6,4650,5961,M9,4914,32,4946,-1015,0,1015
Job_061,5,4546,5785,M4,4933,69,5002,-783,0,783
Job_059,3,4460,6249,M2,4936,74,5010,-1239,0,1239
Job_060,2,4511,6574,M0,4936,71,5007,-1567,0,1567
Job_063,7,4650,5961,M8,4946,89,5035,-926,0,926
Job_057,7,4320,5564,M7,4955,56,5011,-553,0,553
Job_045,9,3353,5051,M3,4972,79,5051,0,0,0
Job_058,2,4400,6007,M4,5002,75,5077,-930,0,930
Job_064,0,4793,6491,M2,5010,31,5041,-1450,0,1450
Job_065,0,5007,6887,M0,5015,76,5091,-1796,0,1796
Job_057,8,4320,5564,M8,5035,44,5079,-485,0,485
Job_063,8,4650,5961,M7,5035,30,5065,-896,0,896
Job_066,0,5038,6739,M1,5038,85,5123,-1616,0,1616
Job_062,3,4613,6176,M3,5051,95,5146,-1030,0,1030
Job_058,3,4400,6007,M9,5077,11,5088,-919,0,919
Job_060,3,4511,6574,M4,5077,99,5176,-1398,0,1398
Job_061,6,4546,5785,M8,5079,21,5100,-685,0,685
Job_041,9,3071,5134,M5,5091,43,5134,0,0,0
Job_059,4,4460,6249,M8,5100,90,5190,-1059,0,1059
Job_061,7,4546,5785,M7,5100,49,5149,-636,0,636
Job_065,1,5007,6887,M1,5123,69,5192,-1695,0,1695
Job_066,1,5038,6739,M0,5123,13,5136,-1603,0,1603
Job_067,0,5139,6837,M2,5139,31,5170,-1667,0,1667
Job_058,4,4400,6007,M3,5146,69,5215,-792,0,792
Job_061,8,4546,5785,M9,5149,72,5221,-564,0,564
Job_053,9,3979,5218,M6,5165,53,5218,0,0,0
Job_066,2,5038,6739,M2,5170,61,5231,-1508,0,1508
Job_067,1,5139,6837,M0,5170,86,5256,-1581,0,1581
Job_059,5,4460,6249,M5,5190,10,5200,-1049,0,1049
Job_062,4,4613,6176,M8,5190,48,5238,-938,0,938
Job_059,6,4460,6249,M7,5200,12,5212,-1037,0,1037
Job_058,5,4400,6007,M1,5215,28,5243,-764,0,764
Job_065,2,5007,6887,M3,5215,76,5291,-1596,0,1596
Job_059,7,4460,6249,M6,5218,89,5307,-942,0,942
Job_062,5,4613,6176,M9,5238,72,5310,-866,0,866
Job_047,9,3598,5299,M7,5254,45,5299,0,0,0
Job_064,1,4793,6491,M0,5256,86,5342,-1149,0,1149
Job_067,2,5139,6837,M1,5256,46,5302,-1535,0,1535
Job_058,6,4400,6007,M6,5307,46,5353,-654,0,654
Job_067,3,5139,6837,M5,5310,74,5384,-1453,0,1453
Job_048,9,3699,5397,M3,5318,79,5397,0,0,0
Job_055,9,4096,5340,M9,5319,21,5340,0,0,0
Job_059,8,4460,6249,M9,5340,45,5385,-864,0,864
Job_062,6,4613,6176,M0,5342,47,5389,-787,0,787
Job_064,2,4793,6491,M1,5342,46,5388,-1103,0,1103
Job_050,9,3801,5408,M8,5343,30,5373,-35,0,35
Job_060,4,4511,6574,M6,5353,9,5362,-1212,0,1212
Job_066,3,5038,6739,M6,5362,7,5369,-1370,0,1370
Job_046,9,3567,5447,M8,5373,74,5447,0,0,0
Job_058,7,4400,6007,M5,5384,46,5430,-577,0,577
Job_067,4,5139,6837,M4,5384,32,5416,-1421,0,1421
Job_062,7,4613,6176,M6,5389,65,5454,-722,0,722
Job_069,0,5241,6848,M0,5389,43,5432,-1416,0,1416
Job_070,0,5408,6971,M2,5408,84,5492,-1479,0,1479
Job_071,0,5413,7477,M1,5413,81,5494,-1983,0,1983
Job_058,8,4400,6007,M7,5430,72,5502,-505,0,505
Job_064,3,4793,6491,M5,5430,74,5504,-987,0,987
Job_068,0,5187,7068,M0,5432,76,5508,-1560,0,1560
Job_060,5,4511,6574,M8,5447,52,5499,-1075,0,1075
Job_062,8,4613,6176,M4,5454,6,5460,-716,0,716
Job_067,5,5139,6837,M6,5454,88,5542,-1295,0,1295
Job_069,1,5241,6848,M2,5492,90,5582,-1266,0,1266
Job_070,1,5408,6971,M1,5494,2,5496,-1475,0,1475
Job_073,0,5420,7210,M1,5496,91,5587,-1623,0,1623
Job_064,4,4793,6491,M4,5504,32,5536,-955,0,955
Job_065,3,5007,6887,M5,5504,51,5555,-1332,0,1332
Job_051,9,3968,5531,M7,5506,25,5531,0,0,0
Job_060,6,4511,6574,M7,5531,85,5616,-958,0,958
Job_074,0,5536,6780,M0,5536,29,5565,-1215,0,1215
Job_064,5,4793,6491,M6,5542,88,5630,-861,0,861
Job_057,9,4320,5564,M9,5543,21,5564,0,0,0
Job_049,9,3747,5628,M8,5554,74,5628,0,0,0
Job_070,2,5408,6971,M5,5555,52,5607,-1364,0,1364
Job_069,2,5241,6848,M4,5582,75,5657,-1191,0,1191
Job_072,0,5419,6658,M2,5582,14,5596,-1062,0,1062
Job_073,1,5420,7210,M0,5587,85,5672,-1538,0,1538
Job_074,1,5536,6780,M1,5587,78,5665,-1115,0,1115
Job_065,4,5007,6887,M2,5596,85,5681,-1206,0,1206
Job_070,3,5408,6971,M3,5607,95,5702,-1269,0,1269
Job_066,4,5038,6739,M8,5628,64,5692,-1047,0,1047
Job_069,3,5241,6848,M9,5657,11,5668,-1180,0,1180
Job_068,1,5187,7068,M1,5665,69,5734,-1334,0,1334
Job_072,1,5419,6658,M0,5672,6,5678,-980,0,980
Job_065,5,5007,6887,M9,5681,11,5692,-1195,0,1195
Job_074,2,5536,6780,M2,5681,9,5690,-1090,0,1090
Job_071,1,5413,7477,M2,5690,95,5785,-1692,0,1692
Job_064,6,4793,6491,M8,5692,19,5711,-780,0,780
Job_065,6,5007,6887,M6,5692,40,5732,-1155,0,1155
Job_066,5,5038,6739,M9,5692,76,5768,-971,0,971
Job_060,7,4511,6574,M3,5702,98,5800,-774,0,774
Job_067,6,5139,6837,M8,5711,19,5730,-1107,0,1107
Job_070,4,5408,6971,M8,5730,48,5778,-1193,0,1193
Job_061,9,4546,5785,M6,5732,53,5785,0,0,0
Job_065,7,5007,6887,M7,5732,89,5821,-1066,0,1066
Job_072,2,5419,6658,M1,5734,22,5756,-902,0,902
Job_054,9,3980,5770,M4,5737,33,5770,0,0,0
Job_072,3,5419,6658,M5,5756,61,5817,-841,0,841
Job_075,0,5632,7334,M1,5756,85,5841,-1493,0,1493
Job_064,7,4793,6491,M9,5768,48,5816,-675,0,675
Job_071,2,5413,7477,M0,5785,71,5856,-1621,0,1621
Job_069,4,5241,6848,M3,5800,69,5869,-979,0,979
Job_060,8,4511,6574,M9,5816,22,5838,-736,0,736
Job_066,6,5038,6739,M5,5817,47,5864,-875,0,875
Job_065,8,5007,6887,M4,5821,26,5847,-1040,0,1040
Job_067,7,5139,6837,M9,5838,48,5886,-951,0,951
Job_056,9,4192,5894,M7,5849,45,5894,0,0,0
Job_075,1,5632,7334,M0,5856,13,5869,-1465,0,1465
Job_069,5,5241,6848,M1,5869,28,5897,-951,0,951
Job_072,4,5419,6658,M3,5869,26,5895,-763,0,763
Job_075,2,5632,7334,M2,5869,61,5930,-1404,0,1404
Job_070,5,5408,6971,M9,5886,72,5958,-1013,0,1013
Job_064,8,4793,6491,M7,5894,36,5930,-561,0,561
Job_074,3,5536,6780,M3,5895,36,5931,-849,0,849
Job_069,6,5241,6848,M6,5897,46,5943,-905,0,905
Job_063,9,4650,5961,M4,5906,55,5961,0,0,0
Job_067,8,5139,6837,M7,5930,36,5966,-871,0,871
Job_066,7,5038,6739,M3,5931,52,5983,-756,0,756
Job_069,7,5241,6848,M5,5943,46,5989,-859,0,859
Job_075,3,5632,7334,M6,5943,7,5950,-1384,0,1384
Job_070,6,5408,6971,M0,5958,47,6005,-966,0,966
Job_072,5,5419,6658,M4,5961,69,6030,-628,0,628
Job_058,9,4400,6007,M8,5977,30,6007,0,0,0
Job_068,2,5187,7068,M3,5983,76,6059,-1009,0,1009
Job_069,8,5241,6848,M7,5989,72,6061,-787,0,787
Job_052,9,3973,6037,M5,5994,43,6037,0,0,0
Job_070,7,5408,6971,M6,6005,65,6070,-901,0,901
Job_075,4,5632,7334,M8,6007,64,6071,-1263,0,1263
Job_074,4,5536,6780,M4,6030,49,6079,-701,0,701
Job_068,3,5187,7068,M5,6059,51,6110,-958,0,958
Job_073,2,5420,7210,M3,6059,39,6098,-1112,0,1112
Job_072,6,5419,6658,M8,6071,21,6092,-566,0,566
Job_075,5,5632,7334,M9,6071,76,6147,-1187,0,1187
Job_066,8,5038,6739,M4,6079,90,6169,-570,0,570
Job_072,7,5419,6658,M7,6092,49,6141,-517,0,517
Job_073,3,5420,7210,M2,6098,74,6172,-1038,0,1038
Job_074,5,5536,6780,M5,6110,11,6121,-659,0,659
Job_074,6,5536,6780,M6,6121,62,6183,-597,0,597
Job_072,8,5419,6658,M9,6147,72,6219,-439,0,439
Job_075,6,5632,7334,M5,6147,47,6194,-1140,0,1140
Job_062,9,4613,6176,M7,6151,25,6176,0,0,0
Job_070,8,5408,6971,M4,6169,6,6175,-796,0,796
Job_068,4,5187,7068,M2,6172,85,6257,-811,0,811
Job_073,4,5420,7210,M8,6172,90,6262,-948,0,948
Job_074,7,5536,6780,M7,6183,56,6239,-541,0,541
Job_075,7,5632,7334,M3,6194,52,6246,-1088,0,1088
Job_059,9,4460,6249,M4,6216,33,6249,0,0,0
Job_071,3,5413,7477,M4,6249,99,6348,-1129,0,1129
Job_068,5,5187,7068,M9,6257,11,6268,-800,0,800
Job_073,5,5420,7210,M5,6262,10,6272,-938,0,938
Job_074,8,5536,6780,M8,6262,44,6306,-474,0,474
Job_068,6,5187,7068,M6,6268,40,6308,-760,0,760
Job_073,6,5420,7210,M7,6272,12,6284,-926,0,926
Job_068,7,5187,7068,M7,6308,89,6397,-671,0,671
Job_073,7,5420,7210,M6,6308,89,6397,-813,0,813
Job_075,8,5632,7334,M4,6348,90,6438,-896,0,896
Job_071,4,5413,7477,M6,6397,9,6406,-1071,0,1071
Job_073,8,5420,7210,M9,6397,45,6442,-768,0,768
Job_071,5,5413,7477,M8,6406,52,6458,-1019,0,1019
Job_064,9,4793,6491,M3,6412,79,6491,0,0,0
Job_068,8,5187,7068,M4,6438,26,6464,-604,0,604
Job_071,6,5413,7477,M7,6458,85,6543,-934,0,934
Job_060,9,4511,6574,M5,6531,43,6574,0,0,0
Job_071,7,5413,7477,M3,6543,98,6641,-836,0,836
Job_072,9,5419,6658,M6,6605,53,6658,0,0,0
Job_071,8,5413,7477,M9,6641,22,6663,-814,0,814
Job_066,9,5038,6739,M7,6694,45,6739,0,0,0
Job_067,9,5139,6837,M3,6758,79,6837,0,0,0
Job_074,9,5536,6780,M9,6759,21,6780,0,0,0
Job_069,9,5241,6848,M8,6783,30,6813,-35,0,35
Job_065,9,5007,6887,M8,6813,74,6887,0,0,0
Job_070,9,5408,6971,M7,6946,25,6971,0,0,0
Job_068,9,5187,7068,M8,6994,74,7068,0,0,0
Job_073,9,5420,7210,M4,7177,33,7210,0,0,0
Job_075,9,5632,7334,M7,7289,45,7334,0,0,0
Job_071,9,5413,7477,M5,7434,43,7477,0,0,0
