Job,Operation,Arrival,Deadline,Machine,Start,Processing Time,End,Lateness,Tardiness,Earliness
Job_076,0,5760,7004,M0,5764,29,5793,-1211,0,1211
Job_073,0,5420,7210,M1,5774,91,5865,-1345,0,1345
Job_062,4,4613,6176,M8,5782,48,5830,-346,0,346
Job_072,3,5419,6658,M5,5801,61,5862,-796,0,796
Job_071,2,5413,7477,M0,5806,71,5877,-1600,0,1600
Job_074,2,5536,6780,M2,5806,9,5815,-965,0,965
Job_065,4,5007,6887,M2,5815,85,5900,-987,0,987
Job_062,5,4613,6176,M9,5830,72,5902,-274,0,274
Job_064,6,4793,6491,M8,5830,19,5849,-642,0,642
Job_056,9,4192,5894,M7,5849,45,5894,0,0,0
Job_066,4,5038,6739,M8,5849,64,5913,-826,0,826
Job_068,3,5187,7068,M5,5862,51,5913,-1155,0,1155
Job_069,4,5241,6848,M3,5862,69,5931,-917,0,917
Job_076,1,5760,7004,M1,5865,78,5943,-1061,0,1061
Job_073,1,5420,7210,M0,5877,85,5962,-1248,0,1248
Job_060,6,4511,6574,M7,5894,85,5979,-595,0,595
Job_075,2,5632,7334,M2,5900,61,5961,-1373,0,1373
Job_065,5,5007,6887,M9,5902,11,5913,-974,0,974
Job_063,9,4650,5961,M4,5906,55,5961,0,0,0
Job_065,6,5007,6887,M6,5913,40,5953,-934,0,934
Job_066,5,5038,6739,M9,5913,76,5989,-750,0,750
Job_067,6,5139,6837,M8,5913,19,5932,-905,0,905
Job_072,4,5419,6658,M3,5931,26,5957,-701,0,701
Job_069,5,5241,6848,M1,5943,28,5971,-877,0,877
Job_074,3,5536,6780,M3,5957,36,5993,-787,0,787
Job_072,5,5419,6658,M4,5961,69,6030,-628,0,628
Job_075,3,5632,7334,M6,5961,7,5968,-1366,0,1366
Job_076,2,5760,7004,M2,5961,9,5970,-1034,0,1034
Job_062,6,4613,6176,M0,5962,47,6009,-167,0,167
Job_068,4,5187,7068,M2,5970,85,6055,-1013,0,1013
Job_069,6,5241,6848,M6,5971,46,6017,-831,0,831
Job_078,0,5900,7689,M1,5971,91,6062,-1627,0,1627
Job_058,9,4400,6007,M8,5977,30,6007,0,0,0
Job_065,7,5007,6887,M7,5979,89,6068,-819,0,819
Job_064,7,4793,6491,M9,5989,48,6037,-454,0,454
Job_060,7,4511,6574,M3,5993,98,6091,-483,0,483
Job_052,9,3973,6037,M5,5994,43,6037,0,0,0
Job_075,4,5632,7334,M8,6007,64,6071,-1263,0,1263
Job_077,0,5840,7447,M0,6009,43,6052,-1395,0,1395
Job_062,7,4613,6176,M6,6017,65,6082,-94,0,94
Job_074,4,5536,6780,M4,6030,49,6079,-701,0,701
Job_066,6,5038,6739,M5,6037,47,6084,-655,0,655
Job_067,7,5139,6837,M9,6037,48,6085,-752,0,752
Job_080,0,5986,7225,M2,6055,14,6069,-1156,0,1156
Job_078,1,5900,7689,M0,6062,85,6147,-1542,0,1542
Job_079,0,5951,8014,M1,6062,81,6143,-1871,0,1871
Job_077,1,5840,7447,M2,6069,90,6159,-1288,0,1288
Job_072,6,5419,6658,M8,6071,21,6092,-566,0,566
Job_062,8,4613,6176,M4,6082,6,6088,-88,0,88
Job_074,5,5536,6780,M5,6084,11,6095,-685,0,685
Job_067,8,5139,6837,M7,6085,36,6121,-716,0,716
Job_068,5,5187,7068,M9,6085,11,6096,-972,0,972
Job_071,3,5413,7477,M4,6088,99,6187,-1290,0,1290
Job_070,3,5408,6971,M3,6091,95,6186,-785,0,785
Job_069,7,5241,6848,M5,6095,46,6141,-707,0,707
Job_074,6,5536,6780,M6,6095,62,6157,-623,0,623
Job_060,8,4511,6574,M9,6096,22,6118,-456,0,456
Job_075,5,5632,7334,M9,6118,76,6194,-1140,0,1140
Job_082,0,6090,7401,M1,6143,46,6189,-1212,0,1212
Job_080,1,5986,7225,M0,6147,6,6153,-1072,0,1072
Job_062,9,4613,6176,M7,6151,25,6176,0,0,0
Job_068,6,5187,7068,M6,6157,40,6197,-871,0,871
Job_081,0,6053,7616,M2,6159,84,6243,-1373,0,1373
Job_072,7,5419,6658,M7,6176,49,6225,-433,0,433
Job_066,7,5038,6739,M3,6186,52,6238,-501,0,501
Job_070,4,5408,6971,M8,6186,48,6234,-737,0,737
Job_065,8,5007,6887,M4,6187,26,6213,-674,0,674
Job_080,2,5986,7225,M1,6189,22,6211,-1014,0,1014
Job_082,1,6090,7401,M0,6189,37,6226,-1175,0,1175
Job_075,6,5632,7334,M5,6194,47,6241,-1093,0,1093
Job_071,4,5413,7477,M6,6197,9,6206,-1271,0,1271
Job_059,9,4460,6249,M4,6216,33,6249,0,0,0
Job_072,8,5419,6658,M9,6225,72,6297,-361,0,361
Job_074,7,5536,6780,M7,6225,56,6281,-499,0,499
Job_071,5,5413,7477,M8,6234,52,6286,-1191,0,1191
Job_073,2,5420,7210,M3,6238,39,6277,-933,0,933
Job_080,3,5986,7225,M5,6241,61,6302,-923,0,923
Job_079,1,5951,8014,M2,6243,95,6338,-1676,0,1676
Job_081,1,6053,7616,M1,6243,2,6245,-1371,0,1371
Job_066,8,5038,6739,M4,6249,90,6339,-400,0,400
Job_076,3,5760,7004,M3,6277,36,6313,-691,0,691
Job_069,8,5241,6848,M7,6281,72,6353,-495,0,495
Job_074,8,5536,6780,M8,6286,44,6330,-450,0,450
Job_070,5,5408,6971,M9,6297,72,6369,-602,0,602
Job_081,2,6053,7616,M5,6302,52,6354,-1262,0,1262
Job_080,4,5986,7225,M3,6313,26,6339,-886,0,886
Job_073,3,5420,7210,M2,6338,74,6412,-798,0,798
Job_079,2,5951,8014,M0,6338,71,6409,-1605,0,1605
Job_076,4,5760,7004,M4,6339,49,6388,-616,0,616
Job_082,2,6090,7401,M3,6339,61,6400,-1001,0,1001
Job_064,8,4793,6491,M7,6353,36,6389,-102,0,102
Job_076,5,5760,7004,M5,6388,11,6399,-605,0,605
Job_080,5,5986,7225,M4,6388,69,6457,-768,0,768
Job_068,7,5187,7068,M7,6389,89,6478,-590,0,590
Job_076,6,5760,7004,M6,6399,62,6461,-543,0,543
Job_070,6,5408,6971,M0,6409,47,6456,-515,0,515
Job_064,9,4793,6491,M3,6412,79,6491,0,0,0
Job_073,4,5420,7210,M8,6412,90,6502,-708,0,708
Job_082,3,6090,7401,M2,6412,13,6425,-976,0,976
Job_083,0,6233,7931,M2,6425,31,6456,-1475,0,1475
Job_083,1,6233,7931,M0,6456,86,6542,-1389,0,1389
Job_077,2,5840,7447,M4,6457,75,6532,-915,0,915
Job_082,4,6090,7401,M6,6461,32,6493,-908,0,908
Job_076,7,5760,7004,M7,6478,56,6534,-470,0,470
Job_085,0,6478,8179,M1,6478,85,6563,-1616,0,1616
Job_075,7,5632,7334,M3,6491,52,6543,-791,0,791
Job_070,7,5408,6971,M6,6493,65,6558,-413,0,413
Job_082,5,6090,7401,M5,6493,21,6514,-887,0,887
Job_080,6,5986,7225,M8,6502,21,6523,-702,0,702
Job_073,5,5420,7210,M5,6514,10,6524,-686,0,686
Job_082,6,6090,7401,M9,6514,32,6546,-855,0,855
Job_060,9,4511,6574,M5,6531,43,6574,0,0,0
Job_068,8,5187,7068,M4,6532,26,6558,-510,0,510
Job_073,6,5420,7210,M7,6534,12,6546,-664,0,664
Job_076,8,5760,7004,M8,6534,44,6578,-426,0,426
Job_084,0,6447,8327,M0,6542,76,6618,-1709,0,1709
Job_078,2,5900,7689,M3,6543,39,6582,-1107,0,1107
Job_071,6,5413,7477,M7,6546,85,6631,-846,0,846
Job_077,3,5840,7447,M9,6546,11,6557,-890,0,890
Job_070,8,5408,6971,M4,6558,6,6564,-407,0,407
Job_083,2,6233,7931,M1,6563,46,6609,-1322,0,1322
Job_075,8,5632,7334,M4,6564,90,6654,-680,0,680
Job_082,7,6090,7401,M8,6578,89,6667,-734,0,734
Job_086,0,6579,8277,M2,6579,31,6610,-1667,0,1667
Job_077,4,5840,7447,M3,6582,69,6651,-796,0,796
Job_072,9,5419,6658,M6,6605,53,6658,0,0,0
Job_083,3,6233,7931,M5,6609,74,6683,-1248,0,1248
Job_078,3,5900,7689,M2,6610,74,6684,-1005,0,1005
Job_084,1,6447,8327,M1,6618,69,6687,-1640,0,1640
Job_085,1,6478,8179,M0,6618,13,6631,-1548,0,1548
Job_080,7,5986,7225,M7,6631,49,6680,-545,0,545
Job_086,1,6579,8277,M0,6631,86,6717,-1560,0,1560
Job_071,7,5413,7477,M3,6651,98,6749,-728,0,728
Job_079,3,5951,8014,M4,6654,99,6753,-1261,0,1261
Job_073,7,5420,7210,M6,6658,89,6747,-463,0,463
Job_080,8,5986,7225,M9,6680,72,6752,-473,0,473
Job_078,4,5900,7689,M8,6684,90,6774,-915,0,915
Job_085,2,6478,8179,M2,6684,61,6745,-1434,0,1434
Job_077,5,5840,7447,M1,6687,28,6715,-732,0,732
Job_066,9,5038,6739,M7,6694,45,6739,0,0,0
Job_086,2,6579,8277,M1,6717,46,6763,-1514,0,1514
Job_088,0,6681,8288,M0,6717,43,6760,-1528,0,1528
Job_082,8,6090,7401,M7,6739,30,6769,-632,0,632
Job_077,6,5840,7447,M6,6747,46,6793,-654,0,654
Job_083,4,6233,7931,M4,6753,32,6785,-1146,0,1146
Job_067,9,5139,6837,M3,6758,79,6837,0,0,0
Job_074,9,5536,6780,M9,6759,21,6780,0,0,0
Job_087,0,6627,8508,M0,6760,76,6836,-1672,0,1672
Job_088,1,6681,8288,M2,6760,90,6850,-1438,0,1438
Job_086,3,6579,8277,M5,6763,74,6837,-1440,0,1440
Job_073,8,5420,7210,M9,6780,45,6825,-385,0,385
Job_069,9,5241,6848,M8,6783,30,6813,-35,0,35
Job_079,4,5951,8014,M6,6793,9,6802,-1212,0,1212
Job_085,3,6478,8179,M6,6802,7,6809,-1370,0,1370
Job_083,5,6233,7931,M6,6809,88,6897,-1034,0,1034
Job_065,9,5007,6887,M8,6813,74,6887,0,0,0
Job_071,8,5413,7477,M9,6825,22,6847,-630,0,630
Job_087,1,6627,8508,M1,6836,69,6905,-1603,0,1603
Job_077,7,5840,7447,M5,6837,46,6883,-564,0,564
Job_084,2,6447,8327,M3,6837,76,6913,-1414,0,1414
Job_086,4,6579,8277,M4,6837,32,6869,-1408,0,1408
Job_089,0,6848,8411,M2,6850,84,6934,-1477,0,1477
Job_088,2,6681,8288,M4,6869,75,6944,-1344,0,1344
Job_078,5,5900,7689,M5,6883,10,6893,-796,0,796
Job_079,5,5951,8014,M8,6887,52,6939,-1075,0,1075
Job_078,6,5900,7689,M7,6893,12,6905,-784,0,784
Job_086,5,6579,8277,M6,6897,88,6985,-1292,0,1292
Job_092,0,6860,8650,M1,6905,91,6996,-1654,0,1654
Job_081,3,6053,7616,M3,6913,95,7008,-608,0,608
Job_084,3,6447,8327,M5,6913,51,6964,-1363,0,1363
Job_091,0,6859,8098,M2,6934,14,6948,-1150,0,1150
Job_083,6,6233,7931,M8,6939,19,6958,-973,0,973
Job_088,3,6681,8288,M9,6944,11,6955,-1333,0,1333
Job_070,9,5408,6971,M7,6946,25,6971,0,0,0
Job_091,1,6859,8098,M0,6948,6,6954,-1144,0,1144
Job_084,4,6447,8327,M2,6964,85,7049,-1278,0,1278
Job_077,8,5840,7447,M7,6971,72,7043,-404,0,404
Job_093,0,6976,8220,M0,6976,29,7005,-1215,0,1215
Job_076,9,5760,7004,M9,6983,21,7004,0,0,0
Job_078,7,5900,7689,M6,6985,89,7074,-615,0,615
Job_068,9,5187,7068,M8,6994,74,7068,0,0,0
Job_091,2,6859,8098,M1,6996,22,7018,-1080,0,1080
Job_083,7,6233,7931,M9,7004,48,7052,-879,0,879
Job_092,1,6860,8650,M0,7005,85,7090,-1560,0,1560
Job_088,4,6681,8288,M3,7008,69,7077,-1211,0,1211
Job_089,1,6848,8411,M1,7018,2,7020,-1391,0,1391
Job_091,3,6859,8098,M5,7018,61,7079,-1019,0,1019
Job_090,0,6853,8917,M1,7020,81,7101,-1816,0,1816
Job_079,6,5951,8014,M7,7043,85,7128,-886,0,886
Job_084,5,6447,8327,M9,7052,11,7063,-1264,0,1264
Job_085,4,6478,8179,M8,7068,64,7132,-1047,0,1047
Job_078,8,5900,7689,M9,7074,45,7119,-570,0,570
Job_084,6,6447,8327,M6,7074,40,7114,-1213,0,1213
Job_087,2,6627,8508,M3,7077,76,7153,-1355,0,1355
Job_089,2,6848,8411,M5,7079,52,7131,-1280,0,1280
Job_090,1,6853,8917,M2,7101,95,7196,-1721,0,1721
Job_093,1,6976,8220,M1,7101,78,7179,-1041,0,1041
Job_084,7,6447,8327,M7,7128,89,7217,-1110,0,1110
Job_085,5,6478,8179,M9,7132,76,7208,-971,0,971
Job_086,6,6579,8277,M8,7132,19,7151,-1126,0,1126
Job_081,4,6053,7616,M8,7151,48,7199,-417,0,417
Job_079,7,5951,8014,M3,7153,98,7251,-763,0,763
Job_087,3,6627,8508,M5,7153,51,7204,-1304,0,1304
Job_080,9,5986,7225,M6,7172,53,7225,0,0,0
Job_073,9,5420,7210,M4,7177,33,7210,0,0,0
Job_088,5,6681,8288,M1,7179,28,7207,-1081,0,1081
Job_093,2,6976,8220,M2,7196,9,7205,-1015,0,1015
Job_095,0,7200,8444,M0,7200,29,7229,-1215,0,1215
Job_087,4,6627,8508,M2,7205,85,7290,-1218,0,1218
Job_094,0,7072,8774,M1,7207,85,7292,-1482,0,1482
Job_085,6,6478,8179,M5,7208,47,7255,-924,0,924
Job_086,7,6579,8277,M9,7208,48,7256,-1021,0,1021
Job_083,8,6233,7931,M7,7217,36,7253,-678,0,678
Job_084,8,6447,8327,M4,7217,26,7243,-1084,0,1084
Job_088,6,6681,8288,M6,7225,46,7271,-1017,0,1017
Job_090,2,6853,8917,M0,7229,71,7300,-1617,0,1617
Job_091,4,6859,8098,M3,7251,26,7277,-821,0,821
Job_079,8,5951,8014,M9,7256,22,7278,-736,0,736
Job_088,7,6681,8288,M5,7271,46,7317,-971,0,971
Job_091,5,6859,8098,M4,7277,69,7346,-752,0,752
Job_093,3,6976,8220,M3,7277,36,7313,-907,0,907
Job_075,9,5632,7334,M7,7289,45,7334,0,0,0
Job_087,5,6627,8508,M9,7290,11,7301,-1207,0,1207
Job_095,1,7200,8444,M1,7292,78,7370,-1074,0,1074
Job_094,1,7072,8774,M0,7300,13,7313,-1461,0,1461
Job_081,5,6053,7616,M9,7301,72,7373,-243,0,243
Job_087,6,6627,8508,M6,7301,40,7341,-1167,0,1167
Job_089,3,6848,8411,M3,7313,95,7408,-1003,0,1003
Job_094,2,7072,8774,M2,7313,61,7374,-1400,0,1400
Job_096,0,7280,8887,M0,7313,43,7356,-1531,0,1531
Job_086,8,6579,8277,M7,7334,36,7370,-907,0,907
Job_082,9,6090,7401,M4,7346,55,7401,0,0,0
Job_091,6,6859,8098,M8,7346,21,7367,-731,0,731
Job_088,8,6681,8288,M7,7370,72,7442,-846,0,846
Job_097,0,7340,9129,M1,7370,91,7461,-1668,0,1668
Job_081,6,6053,7616,M0,7373,47,7420,-196,0,196
Job_094,3,7072,8774,M6,7374,7,7381,-1393,0,1393
Job_095,2,7200,8444,M2,7374,9,7383,-1061,0,1061
Job_096,1,7280,8887,M2,7383,90,7473,-1414,0,1414
Job_093,4,6976,8220,M4,7401,49,7450,-770,0,770
Job_085,7,6478,8179,M3,7408,52,7460,-719,0,719
Job_077,9,5840,7447,M8,7417,30,7447,0,0,0
Job_081,7,6053,7616,M6,7420,65,7485,-131,0,131
Job_071,9,5413,7477,M5,7434,43,7477,0,0,0
Job_091,7,6859,8098,M7,7442,49,7491,-607,0,607
Job_089,4,6848,8411,M8,7447,48,7495,-916,0,916
Job_085,8,6478,8179,M4,7460,90,7550,-629,0,629
Job_092,2,6860,8650,M3,7460,39,7499,-1151,0,1151
Job_097,1,7340,9129,M0,7461,85,7546,-1583,0,1583
Job_098,0,7391,9454,M1,7461,81,7542,-1912,0,1912
Job_099,0,7426,8665,M2,7473,14,7487,-1178,0,1178
Job_093,5,6976,8220,M5,7477,11,7488,-732,0,732
Job_093,6,6976,8220,M6,7488,62,7550,-670,0,670
Job_087,7,6627,8508,M7,7491,89,7580,-928,0,928
Job_089,5,6848,8411,M9,7495,72,7567,-844,0,844
Job_094,4,7072,8774,M8,7495,64,7559,-1215,0,1215
Job_092,3,6860,8650,M2,7499,74,7573,-1077,0,1077
Job_095,3,7200,8444,M3,7499,36,7535,-909,0,909
Job_101,0,7530,8841,M1,7542,46,7588,-1253,0,1253
Job_097,2,7340,9129,M3,7546,39,7585,-1544,0,1544
Job_099,1,7426,8665,M0,7546,6,7552,-1113,0,1113
Job_081,8,6053,7616,M4,7550,6,7556,-60,0,60
Job_090,3,6853,8917,M4,7556,99,7655,-1262,0,1262
Job_089,6,6848,8411,M0,7567,47,7614,-797,0,797
Job_091,8,6859,8098,M9,7567,72,7639,-459,0,459
Job_092,4,6860,8650,M8,7573,90,7663,-987,0,987
Job_100,0,7493,9056,M2,7573,84,7657,-1399,0,1399
Job_099,2,7426,8665,M1,7588,22,7610,-1055,0,1055
Job_081,9,6053,7616,M7,7591,25,7616,0,0,0
Job_099,3,7426,8665,M5,7610,61,7671,-994,0,994
Job_089,7,6848,8411,M6,7614,65,7679,-732,0,732
Job_101,1,7530,8841,M0,7614,37,7651,-1190,0,1190
Job_093,7,6976,8220,M7,7616,56,7672,-548,0,548
Job_094,5,7072,8774,M9,7639,76,7715,-1059,0,1059
Job_101,2,7530,8841,M3,7651,61,7712,-1129,0,1129
Job_078,9,5900,7689,M4,7656,33,7689,0,0,0
Job_097,3,7340,9129,M2,7657,74,7731,-1398,0,1398
Job_100,1,7493,9056,M1,7657,2,7659,-1397,0,1397
Job_100,2,7493,9056,M5,7671,52,7723,-1333,0,1333
Job_093,8,6976,8220,M8,7672,44,7716,-504,0,504
Job_090,4,6853,8917,M6,7679,9,7688,-1229,0,1229
Job_095,4,7200,8444,M4,7689,49,7738,-706,0,706
Job_099,4,7426,8665,M3,7712,26,7738,-927,0,927
Job_090,5,6853,8917,M8,7716,52,7768,-1149,0,1149
Job_092,5,6860,8650,M5,7723,10,7733,-917,0,917
Job_101,3,7530,8841,M2,7731,13,7744,-1097,0,1097
Job_092,6,6860,8650,M7,7733,12,7745,-905,0,905
Job_094,6,7072,8774,M5,7733,47,7780,-994,0,994
Job_099,5,7426,8665,M4,7738,69,7807,-858,0,858
Job_100,3,7493,9056,M3,7738,95,7833,-1223,0,1223
Job_098,1,7391,9454,M2,7744,95,7839,-1615,0,1615
Job_101,4,7530,8841,M6,7744,32,7776,-1065,0,1065
Job_090,6,6853,8917,M7,7768,85,7853,-1064,0,1064
Job_097,4,7340,9129,M8,7768,90,7858,-1271,0,1271
Job_092,7,6860,8650,M6,7776,89,7865,-785,0,785
Job_095,5,7200,8444,M5,7780,11,7791,-653,0,653
Job_101,5,7530,8841,M5,7791,21,7812,-1029,0,1029
Job_089,8,6848,8411,M4,7807,6,7813,-598,0,598
Job_101,6,7530,8841,M9,7812,32,7844,-997,0,997
Job_087,8,6627,8508,M4,7813,26,7839,-669,0,669
Job_096,2,7280,8887,M4,7839,75,7914,-973,0,973
Job_098,2,7391,9454,M0,7839,71,7910,-1544,0,1544
Job_102,0,7673,9371,M2,7839,31,7870,-1501,0,1501
Job_083,9,6233,7931,M3,7852,79,7931,0,0,0
Job_097,5,7340,9129,M5,7858,10,7868,-1261,0,1261
Job_099,6,7426,8665,M8,7858,21,7879,-786,0,786
Job_092,8,6860,8650,M9,7865,45,7910,-740,0,740
Job_095,6,7200,8444,M6,7865,62,7927,-517,0,517
Job_097,6,7340,9129,M7,7868,12,7880,-1249,0,1249
Job_101,7,7530,8841,M8,7879,89,7968,-873,0,873
Job_099,7,7426,8665,M7,7880,49,7929,-736,0,736
Job_102,1,7673,9371,M0,7910,86,7996,-1375,0,1375
Job_096,3,7280,8887,M9,7914,11,7925,-962,0,962
Job_098,3,7391,9454,M4,7914,99,8013,-1441,0,1441
Job_104,0,7918,9619,M1,7918,85,8003,-1616,0,1616
Job_097,7,7340,9129,M6,7927,89,8016,-1113,0,1113
Job_095,7,7200,8444,M7,7929,56,7985,-459,0,459
Job_099,8,7426,8665,M9,7929,72,8001,-664,0,664
Job_094,7,7072,8774,M3,7931,52,7983,-791,0,791
Job_100,4,7493,9056,M8,7968,48,8016,-1040,0,1040
Job_079,9,5951,8014,M5,7971,43,8014,0,0,0
Job_096,4,7280,8887,M3,7983,69,8052,-835,0,835
Job_101,8,7530,8841,M7,7985,30,8015,-826,0,826
Job_103,0,7887,9767,M0,7996,76,8072,-1695,0,1695
Job_102,2,7673,9371,M1,8003,46,8049,-1322,0,1322
Job_094,8,7072,8774,M4,8013,90,8103,-671,0,671
Job_095,8,7200,8444,M8,8016,44,8060,-384,0,384
Job_097,8,7340,9129,M9,8016,45,8061,-1068,0,1068
Job_098,4,7391,9454,M6,8016,9,8025,-1429,0,1429
Job_105,0,8019,9717,M2,8019,31,8050,-1667,0,1667
Job_091,9,6859,8098,M6,8045,53,8098,0,0,0
Job_102,3,7673,9371,M5,8049,74,8123,-1248,0,1248
Job_090,7,6853,8917,M3,8052,98,8150,-767,0,767
Job_096,5,7280,8887,M1,8052,28,8080,-807,0,807
Job_098,5,7391,9454,M8,8060,52,8112,-1342,0,1342
Job_100,5,7493,9056,M9,8061,72,8133,-923,0,923
Job_104,1,7918,9619,M0,8072,13,8085,-1534,0,1534
Job_103,1,7887,9767,M1,8080,69,8149,-1618,0,1618
Job_104,2,7918,9619,M2,8085,61,8146,-1473,0,1473
Job_105,1,8019,9717,M0,8085,86,8171,-1546,0,1546
Job_096,6,7280,8887,M6,8098,46,8144,-743,0,743
Job_102,4,7673,9371,M4,8123,32,8155,-1216,0,1216
Job_085,9,6478,8179,M7,8134,45,8179,0,0,0
Job_096,7,7280,8887,M5,8144,46,8190,-697,0,697
Job_104,3,7918,9619,M6,8146,7,8153,-1466,0,1466
Job_090,8,6853,8917,M9,8150,22,8172,-745,0,745
Job_104,4,7918,9619,M8,8153,64,8217,-1402,0,1402
Job_102,5,7673,9371,M6,8155,88,8243,-1128,0,1128
Job_105,2,8019,9717,M1,8171,46,8217,-1500,0,1500
Job_107,0,8121,9728,M0,8171,43,8214,-1514,0,1514
Job_098,6,7391,9454,M7,8179,85,8264,-1190,0,1190
Job_086,9,6579,8277,M3,8198,79,8277,0,0,0
Job_093,9,6976,8220,M9,8199,21,8220,0,0,0
Job_106,0,8067,9948,M0,8214,76,8290,-1658,0,1658
Job_107,1,8121,9728,M2,8214,90,8304,-1424,0,1424
Job_105,3,8019,9717,M5,8217,74,8291,-1426,0,1426
Job_104,5,7918,9619,M9,8220,76,8296,-1323,0,1323
Job_088,9,6681,8288,M8,8223,30,8253,-35,0,35
Job_084,9,6447,8327,M8,8253,74,8327,0,0,0
Job_096,8,7280,8887,M7,8264,72,8336,-551,0,551
Job_103,2,7887,9767,M3,8277,76,8353,-1414,0,1414
Job_100,6,7493,9056,M0,8290,47,8337,-719,0,719
Job_109,0,8293,10357,M1,8293,81,8374,-1983,0,1983
Job_104,6,7918,9619,M5,8296,47,8343,-1276,0,1276
Job_107,2,8121,9728,M4,8304,75,8379,-1349,0,1349
Job_110,0,8299,9538,M2,8304,14,8318,-1220,0,1220
Job_108,0,8288,9851,M2,8318,84,8402,-1449,0,1449
Job_102,6,7673,9371,M8,8327,19,8346,-1025,0,1025
Job_100,7,7493,9056,M6,8337,65,8402,-654,0,654
Job_110,1,8299,9538,M0,8337,6,8343,-1195,0,1195
Job_102,7,7673,9371,M9,8346,48,8394,-977,0,977
Job_103,3,7887,9767,M5,8353,51,8404,-1363,0,1363
Job_104,7,7918,9619,M3,8353,52,8405,-1214,0,1214
Job_110,2,8299,9538,M1,8374,22,8396,-1142,0,1142
Job_105,4,8019,9717,M4,8379,32,8411,-1306,0,1306
Job_089,9,6848,8411,M7,8386,25,8411,0,0,0
Job_107,3,8121,9728,M9,8394,11,8405,-1323,0,1323
Job_106,1,8067,9948,M1,8396,69,8465,-1483,0,1483
Job_109,1,8293,10357,M2,8402,95,8497,-1860,0,1860
Job_110,3,8299,9538,M5,8404,61,8465,-1073,0,1073
Job_098,7,7391,9454,M3,8405,98,8503,-951,0,951
Job_100,8,7493,9056,M4,8411,6,8417,-639,0,639
Job_102,8,7673,9371,M7,8411,36,8447,-924,0,924
Job_105,5,8019,9717,M6,8411,88,8499,-1218,0,1218
Job_112,0,8416,9660,M0,8416,29,8445,-1215,0,1215
Job_104,8,7918,9619,M4,8417,90,8507,-1112,0,1112
Job_095,9,7200,8444,M9,8423,21,8444,0,0,0
Job_087,9,6627,8508,M8,8434,74,8508,0,0,0
Job_112,1,8416,9660,M1,8465,78,8543,-1117,0,1117
Job_103,4,7887,9767,M2,8497,85,8582,-1185,0,1185
Job_109,2,8293,10357,M0,8497,71,8568,-1789,0,1789
Job_098,8,7391,9454,M9,8503,22,8525,-929,0,929
Job_110,4,8299,9538,M3,8503,26,8529,-1009,0,1009
Job_105,6,8019,9717,M8,8508,19,8527,-1190,0,1190
Job_105,7,8019,9717,M9,8527,48,8575,-1142,0,1142
Job_107,4,8121,9728,M3,8529,69,8598,-1130,0,1130
Job_110,5,8299,9538,M4,8529,69,8598,-940,0,940
Job_108,1,8288,9851,M1,8543,2,8545,-1306,0,1306
Job_108,2,8288,9851,M5,8545,52,8597,-1254,0,1254
Job_111,0,8300,10090,M1,8545,91,8636,-1454,0,1454
Job_105,8,8019,9717,M7,8575,36,8611,-1106,0,1106
Job_103,5,7887,9767,M9,8582,11,8593,-1174,0,1174
Job_112,2,8416,9660,M2,8582,9,8591,-1069,0,1069
Job_108,3,8288,9851,M3,8598,95,8693,-1158,0,1158
Job_110,6,8299,9538,M8,8598,21,8619,-919,0,919
Job_099,9,7426,8665,M6,8612,53,8665,0,0,0
Job_092,9,6860,8650,M4,8617,33,8650,0,0,0
Job_110,7,8299,9538,M7,8619,49,8668,-870,0,870
Job_111,1,8300,10090,M0,8636,85,8721,-1369,0,1369
Job_113,0,8512,10214,M1,8636,85,8721,-1493,0,1493
Job_109,3,8293,10357,M4,8650,99,8749,-1608,0,1608
Job_103,6,7887,9767,M6,8665,40,8705,-1062,0,1062
Job_110,8,8299,9538,M9,8668,72,8740,-798,0,798
Job_108,4,8288,9851,M8,8693,48,8741,-1110,0,1110
Job_112,3,8416,9660,M3,8693,36,8729,-931,0,931
Job_107,5,8121,9728,M1,8721,28,8749,-979,0,979
Job_114,0,8640,9884,M0,8721,29,8750,-1134,0,1134
Job_094,9,7072,8774,M7,8729,45,8774,0,0,0
Job_106,2,8067,9948,M3,8729,76,8805,-1143,0,1143
Job_108,5,8288,9851,M9,8741,72,8813,-1038,0,1038
Job_107,6,8121,9728,M6,8749,46,8795,-933,0,933
Job_113,1,8512,10214,M0,8750,13,8763,-1451,0,1451
Job_114,1,8640,9884,M1,8750,78,8828,-1056,0,1056
Job_113,2,8512,10214,M2,8763,61,8824,-1390,0,1390
Job_115,0,8720,10327,M0,8763,43,8806,-1521,0,1521
Job_103,7,7887,9767,M7,8774,89,8863,-904,0,904
Job_101,9,7530,8841,M4,8786,55,8841,0,0,0
Job_107,7,8121,9728,M5,8795,46,8841,-887,0,887
Job_109,4,8293,10357,M6,8795,9,8804,-1553,0,1553
Job_109,5,8293,10357,M8,8804,52,8856,-1501,0,1501
Job_111,2,8300,10090,M3,8805,39,8844,-1246,0,1246
Job_108,6,8288,9851,M0,8813,47,8860,-991,0,991
Job_113,3,8512,10214,M6,8824,7,8831,-1383,0,1383
Job_115,1,8720,10327,M2,8824,90,8914,-1413,0,1413
Job_116,0,8780,10569,M1,8828,91,8919,-1650,0,1650
Job_112,4,8416,9660,M4,8841,49,8890,-770,0,770
Job_096,9,7280,8887,M8,8857,30,8887,0,0,0
Job_108,7,8288,9851,M6,8860,65,8925,-926,0,926
Job_107,8,8121,9728,M7,8863,72,8935,-793,0,793
Job_090,9,6853,8917,M5,8874,43,8917,0,0,0
Job_113,4,8512,10214,M8,8887,64,8951,-1263,0,1263
Job_103,8,7887,9767,M4,8890,26,8916,-851,0,851
Job_114,2,8640,9884,M2,8914,9,8923,-961,0,961
Job_115,2,8720,10327,M4,8916,75,8991,-1336,0,1336
Job_106,3,8067,9948,M5,8917,51,8968,-980,0,980
Job_116,1,8780,10569,M0,8919,85,9004,-1565,0,1565
Job_117,0,8831,10894,M1,8919,81,9000,-1894,0,1894
Job_114,3,8640,9884,M3,8923,36,8959,-925,0,925
Job_118,0,8866,10105,M2,8923,14,8937,-1168,0,1168
Job_109,6,8293,10357,M7,8935,85,9020,-1337,0,1337
Job_119,0,8933,10496,M2,8937,84,9021,-1475,0,1475
Job_113,5,8512,10214,M9,8951,76,9027,-1187,0,1187
Job_112,5,8416,9660,M5,8968,11,8979,-681,0,681
Job_112,6,8416,9660,M6,8979,62,9041,-619,0,619
Job_114,4,8640,9884,M4,8991,49,9040,-844,0,844
Job_120,0,8970,10281,M1,9000,46,9046,-1235,0,1235
Job_116,2,8780,10569,M3,9004,39,9043,-1526,0,1526
Job_118,1,8866,10105,M0,9004,6,9010,-1095,0,1095
Job_106,4,8067,9948,M2,9021,85,9106,-842,0,842
Job_115,3,8720,10327,M9,9027,11,9038,-1289,0,1289
Job_100,9,7493,9056,M7,9031,25,9056,0,0,0
Job_108,8,8288,9851,M4,9040,6,9046,-805,0,805
Job_114,5,8640,9884,M5,9040,11,9051,-833,0,833
Job_115,4,8720,10327,M3,9043,69,9112,-1215,0,1215
Job_118,2,8866,10105,M1,9046,22,9068,-1037,0,1037
Job_120,1,8970,10281,M0,9046,37,9083,-1198,0,1198
Job_114,6,8640,9884,M6,9051,62,9113,-771,0,771
Job_112,7,8416,9660,M7,9056,56,9112,-548,0,548
Job_118,3,8866,10105,M5,9068,61,9129,-976,0,976
Job_119,1,8933,10496,M1,9068,2,9070,-1426,0,1426
Job_097,9,7340,9129,M4,9096,33,9129,0,0,0
Job_106,5,8067,9948,M9,9106,11,9117,-831,0,831
Job_111,3,8300,10090,M2,9106,74,9180,-910,0,910
Job_112,8,8416,9660,M8,9112,44,9156,-504,0,504
Job_115,5,8720,10327,M1,9112,28,9140,-1187,0,1187
Job_114,7,8640,9884,M7,9113,56,9169,-715,0,715
Job_106,6,8067,9948,M6,9117,40,9157,-791,0,791
Job_113,6,8512,10214,M5,9129,47,9176,-1038,0,1038
Job_118,4,8866,10105,M3,9129,26,9155,-950,0,950
Job_118,5,8866,10105,M4,9155,69,9224,-881,0,881
Job_120,2,8970,10281,M3,9155,61,9216,-1065,0,1065
Job_115,6,8720,10327,M6,9157,46,9203,-1124,0,1124
Job_106,7,8067,9948,M7,9169,89,9258,-690,0,690
Job_119,2,8933,10496,M5,9176,52,9228,-1268,0,1268
Job_111,4,8300,10090,M8,9180,90,9270,-820,0,820
Job_116,3,8780,10569,M2,9180,74,9254,-1315,0,1315
Job_113,7,8512,10214,M3,9216,52,9268,-946,0,946
Job_115,7,8720,10327,M5,9228,46,9274,-1053,0,1053
Job_120,3,8970,10281,M2,9254,13,9267,-1014,0,1014
Job_117,1,8831,10894,M2,9267,95,9362,-1532,0,1532
Job_120,4,8970,10281,M6,9267,32,9299,-982,0,982
Job_113,8,8512,10214,M4,9268,90,9358,-856,0,856
Job_114,8,8640,9884,M8,9270,44,9314,-570,0,570
Job_111,5,8300,10090,M5,9274,10,9284,-806,0,806
Job_111,6,8300,10090,M7,9284,12,9296,-794,0,794
Job_102,9,7673,9371,M3,9292,79,9371,0,0,0
Job_111,7,8300,10090,M6,9299,89,9388,-702,0,702
Job_120,5,8970,10281,M5,9299,21,9320,-961,0,961
Job_118,6,8866,10105,M8,9314,21,9335,-770,0,770
Job_120,6,8970,10281,M9,9320,32,9352,-929,0,929
Job_122,0,9327,11207,M0,9327,76,9403,-1804,0,1804
Job_118,7,8866,10105,M7,9335,49,9384,-721,0,721
Job_120,7,8970,10281,M8,9352,89,9441,-840,0,840
Job_106,8,8067,9948,M4,9358,26,9384,-564,0,564
Job_123,0,9358,11059,M1,9358,85,9443,-1616,0,1616
Job_121,0,9113,10811,M2,9362,31,9393,-1418,0,1418
Job_119,3,8933,10496,M3,9371,95,9466,-1030,0,1030
Job_118,8,8866,10105,M9,9384,72,9456,-649,0,649
Job_117,2,8831,10894,M0,9403,71,9474,-1420,0,1420
Job_098,9,7391,9454,M5,9411,43,9454,0,0,0
Job_116,4,8780,10569,M8,9441,90,9531,-1038,0,1038
Job_120,8,8970,10281,M7,9441,30,9471,-810,0,810
Job_122,1,9327,11207,M1,9443,69,9512,-1695,0,1695
Job_111,8,8300,10090,M9,9456,45,9501,-589,0,589
Job_124,0,9459,11157,M2,9459,31,9490,-1667,0,1667
Job_115,8,8720,10327,M7,9471,72,9543,-784,0,784
Job_117,3,8831,10894,M4,9474,99,9573,-1321,0,1321
Job_121,1,9113,10811,M0,9474,86,9560,-1251,0,1251
Job_110,9,8299,9538,M6,9485,53,9538,0,0,0
Job_122,2,9327,11207,M3,9512,76,9588,-1619,0,1619
Job_116,5,8780,10569,M5,9531,10,9541,-1028,0,1028
Job_119,4,8933,10496,M8,9531,48,9579,-917,0,917
Job_116,6,8780,10569,M7,9543,12,9555,-1014,0,1014
Job_121,2,9113,10811,M1,9560,46,9606,-1205,0,1205
Job_123,1,9358,11059,M0,9560,13,9573,-1486,0,1486
Job_117,4,8831,10894,M6,9573,9,9582,-1312,0,1312
Job_123,2,9358,11059,M2,9573,61,9634,-1425,0,1425
Job_126,0,9561,11168,M0,9573,43,9616,-1552,0,1552
Job_104,9,7918,9619,M7,9574,45,9619,0,0,0
Job_116,7,8780,10569,M6,9582,89,9671,-898,0,898
Job_117,5,8831,10894,M8,9582,52,9634,-1260,0,1260
Job_121,3,9113,10811,M5,9606,74,9680,-1131,0,1131
Job_124,1,9459,11157,M0,9616,86,9702,-1455,0,1455
Job_117,6,8831,10894,M7,9634,85,9719,-1175,0,1175
Job_126,1,9561,11168,M2,9634,90,9724,-1444,0,1444
Job_105,9,8019,9717,M3,9638,79,9717,0,0,0
Job_112,9,8416,9660,M9,9639,21,9660,0,0,0
Job_119,5,8933,10496,M9,9660,72,9732,-764,0,764
Job_107,9,8121,9728,M8,9663,30,9693,-35,0,35
Job_123,3,9358,11059,M6,9671,7,9678,-1381,0,1381
Job_121,4,9113,10811,M4,9680,32,9712,-1099,0,1099
Job_122,3,9327,11207,M5,9680,51,9731,-1476,0,1476
Job_103,9,7887,9767,M8,9693,74,9767,0,0,0
Job_124,2,9459,11157,M1,9702,46,9748,-1409,0,1409
Job_125,0,9507,11388,M0,9702,76,9778,-1610,0,1610
Job_121,5,9113,10811,M6,9712,88,9800,-1011,0,1011
Job_109,7,8293,10357,M3,9717,98,9815,-542,0,542
Job_126,2,9561,11168,M4,9724,75,9799,-1369,0,1369
Job_127,0,9728,11291,M2,9728,84,9812,-1479,0,1479
Job_116,8,8780,10569,M9,9732,45,9777,-792,0,792
Job_124,3,9459,11157,M5,9748,74,9822,-1335,0,1335
Job_130,0,9740,11530,M1,9748,91,9839,-1691,0,1691
Job_123,4,9358,11059,M8,9767,64,9831,-1228,0,1228
Job_119,6,8933,10496,M0,9778,47,9825,-671,0,671
Job_126,3,9561,11168,M9,9799,11,9810,-1358,0,1358
Job_129,0,9739,10978,M2,9812,14,9826,-1152,0,1152
Job_109,8,8293,10357,M9,9815,22,9837,-520,0,520
Job_126,4,9561,11168,M3,9815,69,9884,-1284,0,1284
Job_124,4,9459,11157,M4,9822,32,9854,-1303,0,1303
Job_119,7,8933,10496,M6,9825,65,9890,-606,0,606
Job_108,9,8288,9851,M7,9826,25,9851,0,0,0
Job_122,4,9327,11207,M2,9826,85,9911,-1296,0,1296
Job_129,1,9739,10978,M0,9826,6,9832,-1146,0,1146
Job_121,6,9113,10811,M8,9831,19,9850,-961,0,961
Job_129,2,9739,10978,M1,9839,22,9861,-1117,0,1117
Job_130,1,9740,11530,M0,9839,85,9924,-1606,0,1606
Job_127,1,9728,11291,M1,9861,2,9863,-1428,0,1428
Job_129,3,9739,10978,M5,9861,61,9922,-1056,0,1056
Job_114,9,8640,9884,M9,9863,21,9884,0,0,0
Job_125,1,9507,11388,M1,9863,69,9932,-1456,0,1456
Job_106,9,8067,9948,M8,9874,74,9948,0,0,0
Job_121,7,9113,10811,M9,9884,48,9932,-879,0,879
Job_119,8,8933,10496,M4,9890,6,9896,-600,0,600
Job_124,5,9459,11157,M6,9890,88,9978,-1179,0,1179
Job_127,2,9728,11291,M5,9922,52,9974,-1317,0,1317
Job_129,4,9739,10978,M3,9922,26,9948,-1030,0,1030
Job_131,0,9856,11100,M0,9924,29,9953,-1147,0,1147
Job_121,8,9113,10811,M7,9932,36,9968,-843,0,843
Job_123,5,9358,11059,M9,9932,76,10008,-1051,0,1051
Job_126,5,9561,11168,M1,9932,28,9960,-1208,0,1208
Job_117,7,8831,10894,M3,9948,98,10046,-848,0,848
Job_129,5,9739,10978,M4,9948,69,10017,-961,0,961
Job_131,1,9856,11100,M1,9960,78,10038,-1062,0,1062
Job_124,6,9459,11157,M8,9978,19,9997,-1160,0,1160
Job_126,6,9561,11168,M6,9978,46,10024,-1144,0,1144
Job_122,5,9327,11207,M9,10008,11,10019,-1188,0,1188
Job_123,6,9358,11059,M5,10008,47,10055,-1004,0,1004
Job_129,6,9739,10978,M8,10017,21,10038,-940,0,940
Job_124,7,9459,11157,M9,10019,48,10067,-1090,0,1090
Job_129,7,9739,10978,M7,10038,49,10087,-891,0,891
Job_131,2,9856,11100,M2,10038,9,10047,-1053,0,1053
Job_132,0,9952,11654,M1,10038,85,10123,-1531,0,1531
Job_127,3,9728,11291,M3,10046,95,10141,-1150,0,1150
Job_118,9,8866,10105,M6,10052,53,10105,0,0,0
Job_126,7,9561,11168,M5,10055,46,10101,-1067,0,1067
Job_111,9,8300,10090,M4,10057,33,10090,0,0,0
Job_117,8,8831,10894,M9,10067,22,10089,-805,0,805
Job_124,8,9459,11157,M7,10087,36,10123,-1034,0,1034
Job_129,8,9739,10978,M9,10089,72,10161,-817,0,817
Job_122,6,9327,11207,M6,10105,40,10145,-1062,0,1062
Job_128,0,9733,11797,M1,10123,81,10204,-1593,0,1593
Job_132,1,9952,11654,M0,10123,13,10136,-1518,0,1518
Job_132,2,9952,11654,M2,10136,61,10197,-1457,0,1457
Job_127,4,9728,11291,M8,10141,48,10189,-1102,0,1102
Job_131,3,9856,11100,M3,10141,36,10177,-923,0,923
Job_113,9,8512,10214,M7,10169,45,10214,0,0,0
Job_123,7,9358,11059,M3,10177,52,10229,-830,0,830
Job_131,4,9856,11100,M4,10177,49,10226,-874,0,874
Job_127,5,9728,11291,M9,10189,72,10261,-1030,0,1030
Job_132,3,9952,11654,M6,10197,7,10204,-1450,0,1450
Job_128,1,9733,11797,M2,10204,95,10299,-1498,0,1498
Job_132,4,9952,11654,M8,10204,64,10268,-1386,0,1386
Job_122,7,9327,11207,M7,10214,89,10303,-904,0,904
Job_120,9,8970,10281,M4,10226,55,10281,0,0,0
Job_131,5,9856,11100,M5,10226,11,10237,-863,0,863
Job_125,2,9507,11388,M3,10229,76,10305,-1083,0,1083
Job_131,6,9856,11100,M6,10237,62,10299,-801,0,801
Job_127,6,9728,11291,M0,10261,47,10308,-983,0,983
Job_132,5,9952,11654,M9,10268,76,10344,-1310,0,1310
Job_123,8,9358,11059,M4,10281,90,10371,-688,0,688
Job_115,9,8720,10327,M8,10297,30,10327,0,0,0
Job_131,7,9856,11100,M7,10303,56,10359,-741,0,741
Job_130,2,9740,11530,M3,10305,39,10344,-1186,0,1186
Job_127,7,9728,11291,M6,10308,65,10373,-918,0,918
Job_128,2,9733,11797,M0,10308,71,10379,-1418,0,1418
Job_109,9,8293,10357,M5,10314,43,10357,0,0,0
Job_130,3,9740,11530,M2,10344,74,10418,-1112,0,1112
Job_125,3,9507,11388,M5,10357,51,10408,-980,0,980
Job_126,8,9561,11168,M7,10359,72,10431,-737,0,737
Job_131,8,9856,11100,M8,10359,44,10403,-697,0,697
Job_122,8,9327,11207,M4,10371,26,10397,-810,0,810
Job_127,8,9728,11291,M4,10397,6,10403,-888,0,888
Job_128,3,9733,11797,M4,10403,99,10502,-1295,0,1295
Job_132,6,9952,11654,M5,10408,47,10455,-1199,0,1199
Job_125,4,9507,11388,M2,10418,85,10503,-885,0,885
Job_130,4,9740,11530,M8,10418,90,10508,-1022,0,1022
Job_132,7,9952,11654,M3,10455,52,10507,-1147,0,1147
Job_119,9,8933,10496,M7,10471,25,10496,0,0,0
Job_128,4,9733,11797,M6,10502,9,10511,-1286,0,1286
Job_125,5,9507,11388,M9,10503,11,10514,-874,0,874
Job_130,5,9740,11530,M5,10508,10,10518,-1012,0,1012
Job_128,5,9733,11797,M8,10511,52,10563,-1234,0,1234
Job_125,6,9507,11388,M6,10514,40,10554,-834,0,834
Job_130,6,9740,11530,M7,10518,12,10530,-1000,0,1000
Job_116,9,8780,10569,M4,10536,33,10569,0,0,0
Job_125,7,9507,11388,M7,10554,89,10643,-745,0,745
Job_130,7,9740,11530,M6,10554,89,10643,-887,0,887
Job_132,8,9952,11654,M4,10569,90,10659,-995,0,995
Job_128,6,9733,11797,M7,10643,85,10728,-1069,0,1069
Job_130,8,9740,11530,M9,10643,45,10688,-842,0,842
Job_125,8,9507,11388,M4,10659,26,10685,-703,0,703
Job_121,9,9113,10811,M3,10732,79,10811,0,0,0
Job_128,7,9733,11797,M3,10811,98,10909,-888,0,888
Job_117,9,8831,10894,M5,10851,43,10894,0,0,0
Job_128,8,9733,11797,M9,10909,22,10931,-866,0,866
Job_129,9,9739,10978,M6,10925,53,10978,0,0,0
Job_123,9,9358,11059,M7,11014,45,11059,0,0,0
Job_124,9,9459,11157,M3,11078,79,11157,0,0,0
Job_131,9,9856,11100,M9,11079,21,11100,0,0,0
Job_126,9,9561,11168,M8,11103,30,11133,-35,0,35
Job_122,9,9327,11207,M8,11133,74,11207,0,0,0
Job_127,9,9728,11291,M7,11266,25,11291,0,0,0
Job_125,9,9507,11388,M8,11314,74,11388,0,0,0
Job_130,9,9740,11530,M4,11497,33,11530,0,0,0
Job_132,9,9952,11654,M7,11609,45,11654,0,0,0
Job_128,9,9733,11797,M5,11754,43,11797,0,0,0
