Job,Operation,Arrival,Deadline,Machine,Start,Processing Time,End,Lateness,Tardiness,Earliness
Job_046,5,3567,5447,M9,4341,11,4352,-1095,0,1095
Job_048,5,3699,5397,M6,4360,88,4448,-949,0,949
Job_057,0,4320,5564,M0,4362,29,4391,-1173,0,1173
Job_051,2,3968,5531,M5,4363,52,4415,-1116,0,1116
Job_053,4,3979,5218,M3,4363,26,4389,-829,0,829
Job_053,5,3979,5218,M4,4389,69,4458,-760,0,760
Job_054,0,3980,5770,M1,4398,91,4489,-1281,0,1281
Job_055,2,4096,5340,M2,4398,9,4407,-933,0,933
Job_037,9,2752,4454,M7,4409,45,4454,0,0,0
Job_047,6,3598,5299,M5,4415,47,4462,-837,0,837
Job_051,3,3968,5531,M3,4415,95,4510,-1021,0,1021
Job_058,0,4400,6007,M0,4446,43,4489,-1518,0,1518
Job_048,6,3699,5397,M8,4448,19,4467,-930,0,930
Job_044,9,3210,4521,M4,4466,55,4521,0,0,0
Job_048,7,3699,5397,M9,4467,48,4515,-882,0,882
Job_053,6,3979,5218,M8,4467,21,4488,-730,0,730
Job_039,9,2960,4567,M8,4488,30,4518,-49,0,49
Job_053,7,3979,5218,M7,4488,49,4537,-681,0,681
Job_054,1,3980,5770,M0,4489,85,4574,-1196,0,1196
Job_056,0,4192,5894,M1,4489,85,4574,-1320,0,1320
Job_058,1,4400,6007,M2,4497,90,4587,-1420,0,1420
Job_055,3,4096,5340,M3,4510,36,4546,-794,0,794
Job_051,4,3968,5531,M8,4518,48,4566,-965,0,965
Job_048,8,3699,5397,M7,4537,36,4573,-824,0,824
Job_046,6,3567,5447,M6,4541,40,4581,-866,0,866
Job_049,2,3747,5628,M3,4546,76,4622,-1006,0,1006
Job_055,4,4096,5340,M4,4546,49,4595,-745,0,745
Job_033,9,2533,4597,M5,4554,43,4597,0,0,0
Job_051,5,3968,5531,M9,4566,72,4638,-893,0,893
Job_050,5,3801,5408,M1,4574,28,4602,-806,0,806
Job_056,1,4192,5894,M0,4574,13,4587,-1307,0,1307
Job_056,2,4192,5894,M2,4587,61,4648,-1246,0,1246
Job_055,5,4096,5340,M5,4597,11,4608,-732,0,732
Job_050,6,3801,5408,M6,4602,46,4648,-760,0,760
Job_059,0,4460,6249,M1,4602,91,4693,-1556,0,1556
Job_046,7,3567,5447,M7,4611,89,4700,-747,0,747
Job_052,3,3973,6037,M4,4611,99,4710,-1327,0,1327
Job_049,3,3747,5628,M5,4622,51,4673,-955,0,955
Job_054,2,3980,5770,M3,4622,39,4661,-1109,0,1109
Job_051,6,3968,5531,M0,4638,47,4685,-846,0,846
Job_053,8,3979,5218,M9,4638,72,4710,-508,0,508
Job_056,3,4192,5894,M6,4648,7,4655,-1239,0,1239
Job_061,0,4546,5785,M2,4648,14,4662,-1123,0,1123
Job_055,6,4096,5340,M6,4655,62,4717,-623,0,623
Job_056,4,4192,5894,M8,4655,64,4719,-1175,0,1175
Job_047,7,3598,5299,M3,4661,52,4713,-586,0,586
Job_054,3,3980,5770,M2,4662,74,4736,-1034,0,1034
Job_050,7,3801,5408,M5,4673,46,4719,-689,0,689
Job_061,1,4546,5785,M0,4687,6,4693,-1092,0,1092
Job_059,1,4460,6249,M0,4693,85,4778,-1471,0,1471
Job_063,0,4650,5961,M1,4693,46,4739,-1222,0,1222
Job_046,8,3567,5447,M4,4710,26,4736,-711,0,711
Job_043,9,3173,4736,M7,4711,25,4736,0,0,0
Job_052,4,3973,6037,M6,4717,9,4726,-1311,0,1311
Job_056,5,4192,5894,M9,4719,76,4795,-1099,0,1099
Job_051,7,3968,5531,M6,4726,65,4791,-740,0,740
Job_049,4,3747,5628,M2,4736,85,4821,-807,0,807
Job_054,4,3980,5770,M8,4736,90,4826,-944,0,944
Job_055,7,4096,5340,M7,4736,56,4792,-548,0,548
Job_057,1,4320,5564,M1,4739,78,4817,-747,0,747
Job_040,9,3020,4809,M4,4776,33,4809,0,0,0
Job_059,2,4460,6249,M3,4778,39,4817,-1432,0,1432
Job_063,1,4650,5961,M0,4778,37,4815,-1146,0,1146
Job_050,8,3801,5408,M7,4792,72,4864,-544,0,544
Job_056,6,4192,5894,M5,4795,47,4842,-1052,0,1052
Job_051,8,3968,5531,M4,4809,6,4815,-716,0,716
Job_047,8,3598,5299,M4,4815,90,4905,-394,0,394
Job_061,2,4546,5785,M1,4817,22,4839,-946,0,946
Job_063,2,4650,5961,M3,4817,61,4878,-1083,0,1083
Job_049,5,3747,5628,M9,4821,11,4832,-796,0,796
Job_057,2,4320,5564,M2,4821,9,4830,-734,0,734
Job_055,8,4096,5340,M8,4826,44,4870,-470,0,470
Job_059,3,4460,6249,M2,4830,74,4904,-1345,0,1345
Job_049,6,3747,5628,M6,4832,40,4872,-756,0,756
Job_060,0,4511,6574,M1,4839,81,4920,-1654,0,1654
Job_054,5,3980,5770,M5,4842,10,4852,-918,0,918
Job_061,3,4546,5785,M5,4852,61,4913,-872,0,872
Job_054,6,3980,5770,M7,4864,12,4876,-894,0,894
Job_052,5,3973,6037,M8,4870,52,4922,-1115,0,1115
Job_049,7,3747,5628,M7,4876,89,4965,-663,0,663
Job_057,3,4320,5564,M3,4878,36,4914,-650,0,650
Job_054,7,3980,5770,M6,4887,89,4976,-794,0,794
Job_063,3,4650,5961,M2,4904,13,4917,-1044,0,1044
Job_061,4,4546,5785,M3,4914,26,4940,-845,0,845
Job_057,4,4320,5564,M4,4916,49,4965,-599,0,599
Job_064,0,4793,6491,M2,4917,31,4948,-1543,0,1543
Job_059,4,4460,6249,M8,4922,90,5012,-1237,0,1237
Job_062,0,4613,6176,M2,4948,84,5032,-1144,0,1144
Job_049,8,3747,5628,M4,4965,26,4991,-637,0,637
Job_052,6,3973,6037,M7,4965,85,5050,-987,0,987
Job_064,1,4793,6491,M0,4965,86,5051,-1440,0,1440
Job_045,9,3353,5051,M3,4972,79,5051,0,0,0
Job_063,4,4650,5961,M6,4976,32,5008,-953,0,953
Job_054,8,3980,5770,M9,4982,45,5027,-743,0,743
Job_057,5,4320,5564,M5,4995,11,5006,-558,0,558
Job_061,5,4546,5785,M4,4995,69,5064,-721,0,721
Job_063,5,4650,5961,M5,5008,21,5029,-932,0,932
Job_057,6,4320,5564,M6,5014,62,5076,-488,0,488
Job_059,5,4460,6249,M5,5029,10,5039,-1210,0,1210
Job_060,1,4511,6574,M2,5032,95,5127,-1447,0,1447
Job_062,1,4613,6176,M1,5032,2,5034,-1142,0,1142
Job_063,6,4650,5961,M9,5035,32,5067,-894,0,894
Job_066,0,5038,6739,M1,5038,85,5123,-1616,0,1616
Job_062,2,4613,6176,M5,5039,52,5091,-1085,0,1085
Job_059,6,4460,6249,M7,5050,12,5062,-1187,0,1187
Job_052,7,3973,6037,M3,5051,98,5149,-888,0,888
Job_065,0,5007,6887,M0,5051,76,5127,-1760,0,1760
Job_058,2,4400,6007,M4,5064,75,5139,-868,0,868
Job_061,6,4546,5785,M8,5064,21,5085,-700,0,700
Job_057,7,4320,5564,M7,5076,56,5132,-432,0,432
Job_059,7,4460,6249,M6,5076,89,5165,-1084,0,1084
Job_063,7,4650,5961,M8,5085,89,5174,-787,0,787
Job_041,9,3071,5134,M5,5091,43,5134,0,0,0
Job_060,2,4511,6574,M0,5127,71,5198,-1376,0,1376
Job_061,7,4546,5785,M7,5132,49,5181,-604,0,604
Job_067,0,5139,6837,M2,5139,31,5170,-1667,0,1667
Job_052,8,3973,6037,M9,5149,22,5171,-866,0,866
Job_062,3,4613,6176,M3,5149,95,5244,-932,0,932
Job_064,2,4793,6491,M1,5159,46,5205,-1286,0,1286
Job_053,9,3979,5218,M6,5165,53,5218,0,0,0
Job_058,3,4400,6007,M9,5171,11,5182,-825,0,825
Job_057,8,4320,5564,M8,5174,44,5218,-346,0,346
Job_063,8,4650,5961,M7,5181,30,5211,-750,0,750
Job_061,8,4546,5785,M9,5182,72,5254,-531,0,531
Job_060,3,4511,6574,M4,5198,99,5297,-1277,0,1277
Job_064,3,4793,6491,M5,5205,74,5279,-1212,0,1212
Job_065,1,5007,6887,M1,5235,69,5304,-1583,0,1583
Job_066,1,5038,6739,M0,5235,13,5248,-1491,0,1491
Job_058,4,4400,6007,M3,5244,69,5313,-694,0,694
Job_062,4,4613,6176,M8,5244,48,5292,-884,0,884
Job_066,2,5038,6739,M2,5248,61,5309,-1430,0,1430
Job_069,0,5241,6848,M0,5248,43,5291,-1557,0,1557
Job_047,9,3598,5299,M7,5254,45,5299,0,0,0
Job_059,8,4460,6249,M9,5254,45,5299,-950,0,950
Job_067,1,5139,6837,M0,5291,86,5377,-1460,0,1460
Job_060,4,4511,6574,M6,5297,9,5306,-1268,0,1268
Job_064,4,4793,6491,M4,5297,32,5329,-1162,0,1162
Job_066,3,5038,6739,M6,5309,7,5316,-1423,0,1423
Job_069,1,5241,6848,M2,5309,90,5399,-1449,0,1449
Job_058,5,4400,6007,M1,5313,28,5341,-666,0,666
Job_048,9,3699,5397,M3,5318,79,5397,0,0,0
Job_055,9,4096,5340,M9,5319,21,5340,0,0,0
Job_064,5,4793,6491,M6,5329,88,5417,-1074,0,1074
Job_062,5,4613,6176,M9,5340,72,5412,-764,0,764
Job_050,9,3801,5408,M8,5343,30,5373,-35,0,35
Job_046,9,3567,5447,M8,5373,74,5447,0,0,0
Job_067,2,5139,6837,M1,5377,46,5423,-1414,0,1414
Job_068,0,5187,7068,M0,5377,76,5453,-1615,0,1615
Job_056,7,4192,5894,M3,5397,52,5449,-445,0,445
Job_069,2,5241,6848,M4,5399,75,5474,-1374,0,1374
Job_070,0,5408,6971,M2,5408,84,5492,-1479,0,1479
Job_058,6,4400,6007,M6,5417,46,5463,-544,0,544
Job_067,3,5139,6837,M5,5423,74,5497,-1340,0,1340
Job_073,0,5420,7210,M1,5423,91,5514,-1696,0,1696
Job_060,5,4511,6574,M8,5447,52,5499,-1075,0,1075
Job_065,2,5007,6887,M3,5449,76,5525,-1362,0,1362
Job_062,6,4613,6176,M0,5453,47,5500,-676,0,676
Job_069,3,5241,6848,M9,5474,11,5485,-1363,0,1363
Job_072,0,5419,6658,M2,5492,14,5506,-1152,0,1152
Job_058,7,4400,6007,M5,5497,46,5543,-464,0,464
Job_067,4,5139,6837,M4,5497,32,5529,-1308,0,1308
Job_064,6,4793,6491,M8,5499,19,5518,-973,0,973
Job_062,7,4613,6176,M6,5500,65,5565,-611,0,611
Job_051,9,3968,5531,M7,5506,25,5531,0,0,0
Job_072,1,5419,6658,M0,5506,6,5512,-1146,0,1146
Job_072,2,5419,6658,M1,5514,22,5536,-1122,0,1122
Job_073,1,5420,7210,M0,5514,85,5599,-1611,0,1611
Job_069,4,5241,6848,M3,5525,69,5594,-1254,0,1254
Job_060,6,4511,6574,M7,5531,85,5616,-958,0,958
Job_070,1,5408,6971,M1,5536,2,5538,-1433,0,1433
Job_068,1,5187,7068,M1,5538,69,5607,-1461,0,1461
Job_057,9,4320,5564,M9,5543,21,5564,0,0,0
Job_072,3,5419,6658,M5,5543,61,5604,-1054,0,1054
Job_049,9,3747,5628,M8,5554,74,5628,0,0,0
Job_064,7,4793,6491,M9,5564,48,5612,-879,0,879
Job_062,8,4613,6176,M4,5565,6,5571,-605,0,605
Job_067,5,5139,6837,M6,5565,88,5653,-1184,0,1184
Job_056,8,4192,5894,M4,5571,90,5661,-233,0,233
Job_073,2,5420,7210,M3,5599,39,5638,-1572,0,1572
Job_074,0,5536,6780,M0,5599,29,5628,-1152,0,1152
Job_065,3,5007,6887,M5,5604,51,5655,-1232,0,1232
Job_069,5,5241,6848,M1,5607,28,5635,-1213,0,1213
Job_058,8,4400,6007,M7,5616,72,5688,-319,0,319
Job_066,4,5038,6739,M8,5628,64,5692,-1047,0,1047
Job_074,1,5536,6780,M1,5635,78,5713,-1067,0,1067
Job_060,7,4511,6574,M3,5638,98,5736,-838,0,838
Job_073,3,5420,7210,M2,5638,74,5712,-1498,0,1498
Job_069,6,5241,6848,M6,5653,46,5699,-1149,0,1149
Job_070,2,5408,6971,M5,5655,52,5707,-1264,0,1264
Job_064,8,4793,6491,M7,5688,36,5724,-767,0,767
Job_066,5,5038,6739,M9,5692,76,5768,-971,0,971
Job_067,6,5139,6837,M8,5692,19,5711,-1126,0,1126
Job_069,7,5241,6848,M5,5707,46,5753,-1095,0,1095
Job_065,4,5007,6887,M2,5712,85,5797,-1090,0,1090
Job_073,4,5420,7210,M8,5712,90,5802,-1408,0,1408
Job_075,0,5632,7334,M1,5713,85,5798,-1536,0,1536
Job_061,9,4546,5785,M6,5732,53,5785,0,0,0
Job_072,4,5419,6658,M3,5736,26,5762,-896,0,896
Job_054,9,3980,5770,M4,5737,33,5770,0,0,0
Job_069,8,5241,6848,M7,5753,72,5825,-1023,0,1023
Job_076,0,5760,7004,M0,5760,29,5789,-1215,0,1215
Job_070,3,5408,6971,M3,5762,95,5857,-1114,0,1114
Job_060,8,4511,6574,M9,5768,22,5790,-784,0,784
Job_066,6,5038,6739,M5,5768,47,5815,-924,0,924
Job_072,5,5419,6658,M4,5770,69,5839,-819,0,819
Job_067,7,5139,6837,M9,5790,48,5838,-999,0,999
Job_074,2,5536,6780,M2,5797,9,5806,-974,0,974
Job_071,0,5413,7477,M1,5798,81,5879,-1598,0,1598
Job_075,1,5632,7334,M0,5798,13,5811,-1523,0,1523
Job_075,2,5632,7334,M2,5811,61,5872,-1462,0,1462
Job_073,5,5420,7210,M5,5815,10,5825,-1385,0,1385
Job_073,6,5420,7210,M7,5825,12,5837,-1373,0,1373
Job_073,7,5420,7210,M6,5837,89,5926,-1284,0,1284
Job_065,5,5007,6887,M9,5838,11,5849,-1038,0,1038
Job_072,6,5419,6658,M8,5839,21,5860,-798,0,798
Job_077,0,5840,7447,M0,5840,43,5883,-1564,0,1564
Job_056,9,4192,5894,M7,5849,45,5894,0,0,0
Job_074,3,5536,6780,M3,5857,36,5893,-887,0,887
Job_070,4,5408,6971,M8,5860,48,5908,-1063,0,1063
Job_071,1,5413,7477,M2,5879,95,5974,-1503,0,1503
Job_076,1,5760,7004,M1,5879,78,5957,-1047,0,1047
Job_066,7,5038,6739,M3,5893,52,5945,-794,0,794
Job_072,7,5419,6658,M7,5894,49,5943,-715,0,715
Job_063,9,4650,5961,M4,5906,55,5961,0,0,0
Job_070,5,5408,6971,M9,5908,72,5980,-991,0,991
Job_065,6,5007,6887,M6,5926,40,5966,-921,0,921
Job_067,8,5139,6837,M7,5943,36,5979,-858,0,858
Job_068,2,5187,7068,M3,5945,76,6021,-1047,0,1047
Job_078,0,5900,7689,M1,5957,91,6048,-1641,0,1641
Job_074,4,5536,6780,M4,5961,49,6010,-770,0,770
Job_075,3,5632,7334,M6,5966,7,5973,-1361,0,1361
Job_071,2,5413,7477,M0,5974,71,6045,-1432,0,1432
Job_077,1,5840,7447,M2,5974,90,6064,-1383,0,1383
Job_058,9,4400,6007,M8,5977,30,6007,0,0,0
Job_065,7,5007,6887,M7,5979,89,6068,-819,0,819
Job_072,8,5419,6658,M9,5980,72,6052,-606,0,606
Job_052,9,3973,6037,M5,5994,43,6037,0,0,0
Job_075,4,5632,7334,M8,6007,64,6071,-1263,0,1263
Job_066,8,5038,6739,M4,6010,90,6100,-639,0,639
Job_074,5,5536,6780,M5,6037,11,6048,-732,0,732
Job_070,6,5408,6971,M0,6045,47,6092,-879,0,879
Job_068,3,5187,7068,M5,6048,51,6099,-969,0,969
Job_074,6,5536,6780,M6,6048,62,6110,-670,0,670
Job_079,0,5951,8014,M1,6048,81,6129,-1885,0,1885
Job_073,8,5420,7210,M9,6052,45,6097,-1113,0,1113
Job_080,0,5986,7225,M2,6064,14,6078,-1147,0,1147
Job_076,2,5760,7004,M2,6078,9,6087,-917,0,917
Job_076,3,5760,7004,M3,6087,36,6123,-881,0,881
Job_080,1,5986,7225,M0,6092,6,6098,-1127,0,1127
Job_075,5,5632,7334,M9,6097,76,6173,-1161,0,1161
Job_078,1,5900,7689,M0,6098,85,6183,-1506,0,1506
Job_068,4,5187,7068,M2,6099,85,6184,-884,0,884
Job_065,8,5007,6887,M4,6100,26,6126,-761,0,761
Job_070,7,5408,6971,M6,6110,65,6175,-796,0,796
Job_076,4,5760,7004,M4,6126,49,6175,-829,0,829
Job_082,0,6090,7401,M1,6129,46,6175,-1226,0,1226
Job_062,9,4613,6176,M7,6151,25,6176,0,0,0
Job_075,6,5632,7334,M5,6173,47,6220,-1114,0,1114
Job_070,8,5408,6971,M4,6175,6,6181,-790,0,790
Job_080,2,5986,7225,M1,6175,22,6197,-1028,0,1028
Job_074,7,5536,6780,M7,6176,56,6232,-548,0,548
Job_082,1,6090,7401,M0,6183,37,6220,-1181,0,1181
Job_068,5,5187,7068,M9,6184,11,6195,-873,0,873
Job_068,6,5187,7068,M6,6195,40,6235,-833,0,833
Job_059,9,4460,6249,M4,6216,33,6249,0,0,0
Job_075,7,5632,7334,M3,6220,52,6272,-1062,0,1062
Job_076,5,5760,7004,M5,6220,11,6231,-773,0,773
Job_080,3,5986,7225,M5,6231,61,6292,-933,0,933
Job_074,8,5536,6780,M8,6232,44,6276,-504,0,504
Job_083,0,6233,7931,M2,6233,31,6264,-1667,0,1667
Job_068,7,5187,7068,M7,6235,89,6324,-744,0,744
Job_076,6,5760,7004,M6,6235,62,6297,-707,0,707
Job_071,3,5413,7477,M4,6249,99,6348,-1129,0,1129
Job_081,0,6053,7616,M2,6264,84,6348,-1268,0,1268
Job_083,1,6233,7931,M0,6264,86,6350,-1581,0,1581
Job_082,2,6090,7401,M3,6272,61,6333,-1068,0,1068
Job_076,7,5760,7004,M7,6324,56,6380,-624,0,624
Job_078,2,5900,7689,M3,6333,39,6372,-1317,0,1317
Job_068,8,5187,7068,M4,6348,26,6374,-694,0,694
Job_071,4,5413,7477,M6,6348,9,6357,-1120,0,1120
Job_081,1,6053,7616,M1,6348,2,6350,-1266,0,1266
Job_082,3,6090,7401,M2,6348,13,6361,-1040,0,1040
Job_081,2,6053,7616,M5,6350,52,6402,-1214,0,1214
Job_083,2,6233,7931,M1,6350,46,6396,-1535,0,1535
Job_071,5,5413,7477,M8,6357,52,6409,-1068,0,1068
Job_079,1,5951,8014,M2,6361,95,6456,-1558,0,1558
Job_082,4,6090,7401,M6,6361,32,6393,-1008,0,1008
Job_080,4,5986,7225,M3,6372,26,6398,-827,0,827
Job_075,8,5632,7334,M4,6374,90,6464,-870,0,870
Job_082,5,6090,7401,M5,6402,21,6423,-978,0,978
Job_071,6,5413,7477,M7,6409,85,6494,-983,0,983
Job_076,8,5760,7004,M8,6409,44,6453,-551,0,551
Job_064,9,4793,6491,M3,6412,79,6491,0,0,0
Job_082,6,6090,7401,M9,6423,32,6455,-946,0,946
Job_083,3,6233,7931,M5,6423,74,6497,-1434,0,1434
Job_084,0,6447,8327,M0,6447,76,6523,-1804,0,1804
Job_082,7,6090,7401,M8,6455,89,6544,-857,0,857
Job_078,3,5900,7689,M2,6456,74,6530,-1159,0,1159
Job_080,5,5986,7225,M4,6464,69,6533,-692,0,692
Job_085,0,6478,8179,M1,6478,85,6563,-1616,0,1616
Job_071,7,5413,7477,M3,6494,98,6592,-885,0,885
Job_060,9,4511,6574,M5,6531,43,6574,0,0,0
Job_077,2,5840,7447,M4,6533,75,6608,-839,0,839
Job_080,6,5986,7225,M8,6544,21,6565,-660,0,660
Job_082,8,6090,7401,M7,6544,30,6574,-827,0,827
Job_084,1,6447,8327,M1,6563,69,6632,-1695,0,1695
Job_085,1,6478,8179,M0,6563,13,6576,-1603,0,1603
Job_078,4,5900,7689,M8,6565,90,6655,-1034,0,1034
Job_080,7,5986,7225,M7,6574,49,6623,-602,0,602
Job_079,2,5951,8014,M0,6576,71,6647,-1367,0,1367
Job_085,2,6478,8179,M2,6576,61,6637,-1542,0,1542
Job_071,8,5413,7477,M9,6592,22,6614,-863,0,863
Job_081,3,6053,7616,M3,6592,95,6687,-929,0,929
Job_072,9,5419,6658,M6,6605,53,6658,0,0,0
Job_083,4,6233,7931,M4,6608,32,6640,-1291,0,1291
Job_077,3,5840,7447,M9,6614,11,6625,-822,0,822
Job_080,8,5986,7225,M9,6625,72,6697,-528,0,528
Job_086,0,6579,8277,M2,6637,31,6668,-1609,0,1609
Job_079,3,5951,8014,M4,6647,99,6746,-1268,0,1268
Job_087,0,6627,8508,M0,6647,76,6723,-1785,0,1785
Job_078,5,5900,7689,M5,6655,10,6665,-1024,0,1024
Job_085,3,6478,8179,M6,6658,7,6665,-1514,0,1514
Job_078,6,5900,7689,M7,6665,12,6677,-1012,0,1012
Job_083,5,6233,7931,M6,6665,88,6753,-1178,0,1178
Job_085,4,6478,8179,M8,6665,64,6729,-1450,0,1450
Job_077,4,5840,7447,M3,6687,69,6756,-691,0,691
Job_066,9,5038,6739,M7,6694,45,6739,0,0,0
Job_087,1,6627,8508,M1,6723,69,6792,-1716,0,1716
Job_088,0,6681,8288,M0,6723,43,6766,-1522,0,1522
Job_081,4,6053,7616,M8,6729,48,6777,-839,0,839
Job_078,7,5900,7689,M6,6753,89,6842,-847,0,847
Job_067,9,5139,6837,M3,6758,79,6837,0,0,0
Job_074,9,5536,6780,M9,6759,21,6780,0,0,0
Job_086,1,6579,8277,M0,6766,86,6852,-1425,0,1425
Job_088,1,6681,8288,M2,6766,90,6856,-1432,0,1432
Job_081,5,6053,7616,M9,6780,72,6852,-764,0,764
Job_069,9,5241,6848,M8,6783,30,6813,-35,0,35
Job_077,5,5840,7447,M1,6792,28,6820,-627,0,627
Job_065,9,5007,6887,M8,6813,74,6887,0,0,0
Job_084,2,6447,8327,M3,6837,76,6913,-1414,0,1414
Job_077,6,5840,7447,M6,6842,46,6888,-559,0,559
Job_078,8,5900,7689,M9,6852,45,6897,-792,0,792
Job_081,6,6053,7616,M0,6852,47,6899,-717,0,717
Job_090,0,6853,8917,M1,6853,81,6934,-1983,0,1983
Job_088,2,6681,8288,M4,6856,75,6931,-1357,0,1357
Job_091,0,6859,8098,M2,6859,14,6873,-1225,0,1225
Job_083,6,6233,7931,M8,6887,19,6906,-1025,0,1025
Job_077,7,5840,7447,M5,6888,46,6934,-513,0,513
Job_079,4,5951,8014,M6,6888,9,6897,-1117,0,1117
Job_085,5,6478,8179,M9,6897,76,6973,-1206,0,1206
Job_081,7,6053,7616,M6,6899,65,6964,-652,0,652
Job_091,1,6859,8098,M0,6899,6,6905,-1193,0,1193
Job_079,5,5951,8014,M8,6906,52,6958,-1056,0,1056
Job_087,2,6627,8508,M3,6913,76,6989,-1519,0,1519
Job_084,3,6447,8327,M5,6934,51,6985,-1342,0,1342
Job_090,1,6853,8917,M2,6934,95,7029,-1888,0,1888
Job_091,2,6859,8098,M1,6934,22,6956,-1142,0,1142
Job_070,9,5408,6971,M7,6946,25,6971,0,0,0
Job_086,2,6579,8277,M1,6956,46,7002,-1275,0,1275
Job_081,8,6053,7616,M4,6964,6,6970,-646,0,646
Job_093,0,6976,8220,M0,6976,29,7005,-1215,0,1215
Job_076,9,5760,7004,M9,6983,21,7004,0,0,0
Job_077,8,5840,7447,M7,6984,72,7056,-391,0,391
Job_091,3,6859,8098,M5,6985,61,7046,-1052,0,1052
Job_068,9,5187,7068,M8,6994,74,7068,0,0,0
Job_088,3,6681,8288,M9,7004,11,7015,-1273,0,1273
Job_093,1,6976,8220,M1,7005,78,7083,-1137,0,1137
Job_083,7,6233,7931,M9,7015,48,7063,-868,0,868
Job_089,0,6848,8411,M2,7029,84,7113,-1298,0,1298
Job_090,2,6853,8917,M0,7029,71,7100,-1817,0,1817
Job_086,3,6579,8277,M5,7046,74,7120,-1157,0,1157
Job_091,4,6859,8098,M3,7046,26,7072,-1026,0,1026
Job_079,6,5951,8014,M7,7056,85,7141,-873,0,873
Job_088,4,6681,8288,M3,7072,69,7141,-1147,0,1147
Job_091,5,6859,8098,M4,7072,69,7141,-957,0,957
Job_094,0,7072,8774,M1,7083,85,7168,-1606,0,1606
Job_084,4,6447,8327,M2,7113,85,7198,-1129,0,1129
Job_087,3,6627,8508,M5,7120,51,7171,-1337,0,1337
Job_079,7,5951,8014,M3,7141,98,7239,-775,0,775
Job_083,8,6233,7931,M7,7141,36,7177,-754,0,754
Job_086,4,6579,8277,M4,7141,32,7173,-1104,0,1104
Job_091,6,6859,8098,M8,7141,21,7162,-936,0,936
Job_092,0,6860,8650,M1,7168,91,7259,-1391,0,1391
Job_094,1,7072,8774,M0,7168,13,7181,-1593,0,1593
Job_085,6,6478,8179,M5,7171,47,7218,-961,0,961
Job_080,9,5986,7225,M6,7172,53,7225,0,0,0
Job_073,9,5420,7210,M4,7177,33,7210,0,0,0
Job_091,7,6859,8098,M7,7177,49,7226,-872,0,872
Job_084,5,6447,8327,M9,7198,11,7209,-1118,0,1118
Job_093,2,6976,8220,M2,7198,9,7207,-1013,0,1013
Job_095,0,7200,8444,M0,7200,29,7229,-1215,0,1215
Job_094,2,7072,8774,M2,7207,61,7268,-1506,0,1506
Job_090,3,6853,8917,M4,7210,99,7309,-1608,0,1608
Job_086,5,6579,8277,M6,7225,88,7313,-964,0,964
Job_091,8,6859,8098,M9,7226,72,7298,-800,0,800
Job_093,3,6976,8220,M3,7239,36,7275,-945,0,945
Job_089,1,6848,8411,M1,7259,2,7261,-1150,0,1150
Job_092,1,6860,8650,M0,7259,85,7344,-1306,0,1306
Job_088,5,6681,8288,M1,7261,28,7289,-999,0,999
Job_089,2,6848,8411,M5,7261,52,7313,-1098,0,1098
Job_087,4,6627,8508,M2,7268,85,7353,-1155,0,1155
Job_085,7,6478,8179,M3,7275,52,7327,-852,0,852
Job_075,9,5632,7334,M7,7289,45,7334,0,0,0
Job_095,1,7200,8444,M1,7289,78,7367,-1077,0,1077
Job_079,8,5951,8014,M9,7298,22,7320,-694,0,694
Job_086,6,6579,8277,M8,7313,19,7332,-945,0,945
Job_088,6,6681,8288,M6,7313,46,7359,-929,0,929
Job_089,3,6848,8411,M3,7327,95,7422,-989,0,989
Job_086,7,6579,8277,M9,7332,48,7380,-897,0,897
Job_096,0,7280,8887,M0,7344,43,7387,-1500,0,1500
Job_082,9,6090,7401,M4,7346,55,7401,0,0,0
Job_084,6,6447,8327,M6,7359,40,7399,-928,0,928
Job_088,7,6681,8288,M5,7359,46,7405,-883,0,883
Job_095,2,7200,8444,M2,7367,9,7376,-1068,0,1068
Job_097,0,7340,9129,M1,7367,91,7458,-1671,0,1671
Job_086,8,6579,8277,M7,7380,36,7416,-861,0,861
Job_087,5,6627,8508,M9,7380,11,7391,-1117,0,1117
Job_094,3,7072,8774,M6,7399,7,7406,-1368,0,1368
Job_093,4,6976,8220,M4,7401,49,7450,-770,0,770
Job_087,6,6627,8508,M6,7406,40,7446,-1062,0,1062
Job_084,7,6447,8327,M7,7416,89,7505,-822,0,822
Job_077,9,5840,7447,M8,7417,30,7447,0,0,0
Job_092,2,6860,8650,M3,7422,39,7461,-1189,0,1189
Job_099,0,7426,8665,M2,7426,14,7440,-1225,0,1225
Job_071,9,5413,7477,M5,7434,43,7477,0,0,0
Job_099,1,7426,8665,M0,7440,6,7446,-1219,0,1219
Job_090,4,6853,8917,M6,7446,9,7455,-1462,0,1462
Job_089,4,6848,8411,M8,7447,48,7495,-916,0,916
Job_097,1,7340,9129,M0,7458,85,7543,-1586,0,1586
Job_099,2,7426,8665,M1,7458,22,7480,-1185,0,1185
Job_092,3,6860,8650,M2,7461,74,7535,-1115,0,1115
Job_095,3,7200,8444,M3,7461,36,7497,-947,0,947
Job_093,5,6976,8220,M5,7477,11,7488,-732,0,732
Job_098,0,7391,9454,M1,7480,81,7561,-1893,0,1893
Job_093,6,6976,8220,M6,7488,62,7550,-670,0,670
Job_099,3,7426,8665,M5,7488,61,7549,-1116,0,1116
Job_089,5,6848,8411,M9,7495,72,7567,-844,0,844
Job_094,4,7072,8774,M8,7495,64,7559,-1215,0,1215
Job_084,8,6447,8327,M4,7505,26,7531,-796,0,796
Job_088,8,6681,8288,M7,7505,72,7577,-711,0,711
Job_085,8,6478,8179,M4,7531,90,7621,-558,0,558
Job_100,0,7493,9056,M2,7535,84,7619,-1437,0,1437
Job_097,2,7340,9129,M3,7543,39,7582,-1547,0,1547
Job_092,4,6860,8650,M8,7559,90,7649,-1001,0,1001
Job_101,0,7530,8841,M1,7561,46,7607,-1234,0,1234
Job_089,6,6848,8411,M0,7567,47,7614,-797,0,797
Job_094,5,7072,8774,M9,7567,76,7643,-1131,0,1131
Job_099,4,7426,8665,M3,7582,26,7608,-1057,0,1057
Job_081,9,6053,7616,M7,7591,25,7616,0,0,0
Job_089,7,6848,8411,M6,7614,65,7679,-732,0,732
Job_101,1,7530,8841,M0,7614,37,7651,-1190,0,1190
Job_093,7,6976,8220,M7,7616,56,7672,-548,0,548
Job_097,3,7340,9129,M2,7619,74,7693,-1436,0,1436
Job_100,1,7493,9056,M1,7619,2,7621,-1435,0,1435
Job_094,6,7072,8774,M5,7643,47,7690,-1084,0,1084
Job_090,5,6853,8917,M8,7649,52,7701,-1216,0,1216
Job_078,9,5900,7689,M4,7656,33,7689,0,0,0
Job_087,7,6627,8508,M7,7672,89,7761,-747,0,747
Job_089,8,6848,8411,M4,7689,6,7695,-716,0,716
Job_092,5,6860,8650,M5,7690,10,7700,-950,0,950
Job_094,7,7072,8774,M3,7690,52,7742,-1032,0,1032
Job_102,0,7673,9371,M2,7693,31,7724,-1647,0,1647
Job_100,2,7493,9056,M5,7700,52,7752,-1304,0,1304
Job_093,8,6976,8220,M8,7701,44,7745,-475,0,475
Job_098,1,7391,9454,M2,7724,95,7819,-1635,0,1635
Job_102,1,7673,9371,M0,7724,86,7810,-1561,0,1561
Job_094,8,7072,8774,M4,7742,90,7832,-942,0,942
Job_101,2,7530,8841,M3,7742,61,7803,-1038,0,1038
Job_097,4,7340,9129,M8,7745,90,7835,-1294,0,1294
Job_092,6,6860,8650,M7,7761,12,7773,-877,0,877
Job_090,6,6853,8917,M7,7773,85,7858,-1059,0,1059
Job_092,7,6860,8650,M6,7773,89,7862,-788,0,788
Job_102,2,7673,9371,M1,7810,46,7856,-1515,0,1515
Job_098,2,7391,9454,M0,7819,71,7890,-1564,0,1564
Job_101,3,7530,8841,M2,7819,13,7832,-1009,0,1009
Job_087,8,6627,8508,M4,7832,26,7858,-650,0,650
Job_096,1,7280,8887,M2,7832,90,7922,-965,0,965
Job_097,5,7340,9129,M5,7835,10,7845,-1284,0,1284
Job_083,9,6233,7931,M3,7852,79,7931,0,0,0
Job_095,4,7200,8444,M4,7858,49,7907,-537,0,537
Job_097,6,7340,9129,M7,7858,12,7870,-1259,0,1259
Job_092,8,6860,8650,M9,7862,45,7907,-743,0,743
Job_101,4,7530,8841,M6,7862,32,7894,-947,0,947
Job_103,0,7887,9767,M0,7890,76,7966,-1801,0,1801
Job_095,5,7200,8444,M5,7907,11,7918,-526,0,526
Job_095,6,7200,8444,M6,7918,62,7980,-464,0,464
Job_104,0,7918,9619,M1,7918,85,8003,-1616,0,1616
Job_096,2,7280,8887,M4,7922,75,7997,-890,0,890
Job_101,5,7530,8841,M5,7923,21,7944,-897,0,897
Job_090,7,6853,8917,M3,7931,98,8029,-888,0,888
Job_101,6,7530,8841,M9,7944,32,7976,-865,0,865
Job_079,9,5951,8014,M5,7971,43,8014,0,0,0
Job_101,7,7530,8841,M8,7976,89,8065,-776,0,776
Job_095,7,7200,8444,M7,7980,56,8036,-408,0,408
Job_098,3,7391,9454,M4,7997,99,8096,-1358,0,1358
Job_103,1,7887,9767,M1,8003,69,8072,-1695,0,1695
Job_104,1,7918,9619,M0,8003,13,8016,-1603,0,1603
Job_102,3,7673,9371,M5,8014,74,8088,-1283,0,1283
Job_105,0,8019,9717,M2,8019,31,8050,-1667,0,1667
Job_090,8,6853,8917,M9,8029,22,8051,-866,0,866
Job_100,3,7493,9056,M3,8029,95,8124,-932,0,932
Job_091,9,6859,8098,M6,8045,53,8098,0,0,0
Job_104,2,7918,9619,M2,8050,61,8111,-1508,0,1508
Job_105,1,8019,9717,M0,8050,86,8136,-1581,0,1581
Job_096,3,7280,8887,M9,8051,11,8062,-825,0,825
Job_095,8,7200,8444,M8,8065,44,8109,-335,0,335
Job_101,8,7530,8841,M7,8065,30,8095,-746,0,746
Job_102,4,7673,9371,M4,8096,32,8128,-1243,0,1243
Job_098,4,7391,9454,M6,8098,9,8107,-1347,0,1347
Job_098,5,7391,9454,M8,8109,52,8161,-1293,0,1293
Job_104,3,7918,9619,M6,8111,7,8118,-1501,0,1501
Job_097,7,7340,9129,M6,8118,89,8207,-922,0,922
Job_096,4,7280,8887,M3,8124,69,8193,-694,0,694
Job_099,5,7426,8665,M4,8128,69,8197,-468,0,468
Job_085,9,6478,8179,M7,8134,45,8179,0,0,0
Job_105,2,8019,9717,M1,8136,46,8182,-1535,0,1535
Job_107,0,8121,9728,M0,8136,43,8179,-1549,0,1549
Job_100,4,7493,9056,M8,8161,48,8209,-847,0,847
Job_098,6,7391,9454,M7,8179,85,8264,-1190,0,1190
Job_106,0,8067,9948,M0,8179,76,8255,-1693,0,1693
Job_107,1,8121,9728,M2,8179,90,8269,-1459,0,1459
Job_105,3,8019,9717,M5,8182,74,8256,-1461,0,1461
Job_096,5,7280,8887,M1,8193,28,8221,-666,0,666
Job_086,9,6579,8277,M3,8198,79,8277,0,0,0
Job_093,9,6976,8220,M9,8199,21,8220,0,0,0
Job_100,5,7493,9056,M9,8220,72,8292,-764,0,764
Job_096,6,7280,8887,M6,8221,46,8267,-620,0,620
Job_088,9,6681,8288,M8,8223,30,8253,-35,0,35
Job_084,9,6447,8327,M8,8253,74,8327,0,0,0
Job_105,4,8019,9717,M4,8256,32,8288,-1429,0,1429
Job_102,5,7673,9371,M6,8267,88,8355,-1016,0,1016
Job_096,7,7280,8887,M5,8274,46,8320,-567,0,567
Job_103,2,7887,9767,M3,8277,76,8353,-1414,0,1414
Job_107,2,8121,9728,M4,8288,75,8363,-1365,0,1365
Job_108,0,8288,9851,M2,8288,84,8372,-1479,0,1479
Job_097,8,7340,9129,M9,8292,45,8337,-792,0,792
Job_100,6,7493,9056,M0,8292,47,8339,-717,0,717
Job_109,0,8293,10357,M1,8293,81,8374,-1983,0,1983
Job_104,4,7918,9619,M8,8327,64,8391,-1228,0,1228
Job_098,7,7391,9454,M3,8353,98,8451,-1003,0,1003
Job_103,3,7887,9767,M5,8353,51,8404,-1363,0,1363
Job_100,7,7493,9056,M6,8355,65,8420,-636,0,636
Job_107,3,8121,9728,M9,8363,11,8374,-1354,0,1354
Job_110,0,8299,9538,M2,8372,14,8386,-1152,0,1152
Job_108,1,8288,9851,M1,8374,2,8376,-1475,0,1475
Job_106,1,8067,9948,M1,8376,69,8445,-1503,0,1503
Job_089,9,6848,8411,M7,8386,25,8411,0,0,0
Job_109,1,8293,10357,M2,8386,95,8481,-1876,0,1876
Job_110,1,8299,9538,M0,8386,6,8392,-1146,0,1146
Job_099,6,7426,8665,M8,8391,21,8412,-253,0,253
Job_108,2,8288,9851,M5,8404,52,8456,-1395,0,1395
Job_096,8,7280,8887,M7,8411,72,8483,-404,0,404
Job_102,6,7673,9371,M8,8412,19,8431,-940,0,940
Job_112,0,8416,9660,M0,8416,29,8445,-1215,0,1215
Job_100,8,7493,9056,M4,8420,6,8426,-630,0,630
Job_105,5,8019,9717,M6,8420,88,8508,-1209,0,1209
Job_095,9,7200,8444,M9,8423,21,8444,0,0,0
Job_087,9,6627,8508,M8,8434,74,8508,0,0,0
Job_104,5,7918,9619,M9,8444,76,8520,-1099,0,1099
Job_112,1,8416,9660,M1,8445,78,8523,-1137,0,1137
Job_107,4,8121,9728,M3,8451,69,8520,-1208,0,1208
Job_109,2,8293,10357,M0,8481,71,8552,-1805,0,1805
Job_099,7,7426,8665,M7,8483,49,8532,-133,0,133
Job_105,6,8019,9717,M8,8508,19,8527,-1190,0,1190
Job_112,2,8416,9660,M2,8523,9,8532,-1128,0,1128
Job_113,0,8512,10214,M1,8523,85,8608,-1606,0,1606
Job_099,8,7426,8665,M9,8532,72,8604,-61,0,61
Job_103,4,7887,9767,M2,8532,85,8617,-1150,0,1150
Job_112,3,8416,9660,M3,8532,36,8568,-1092,0,1092
Job_108,3,8288,9851,M3,8568,95,8663,-1188,0,1188
Job_112,4,8416,9660,M4,8568,49,8617,-1043,0,1043
Job_098,8,7391,9454,M9,8604,22,8626,-828,0,828
Job_110,2,8299,9538,M1,8608,22,8630,-908,0,908
Job_113,1,8512,10214,M0,8608,13,8621,-1593,0,1593
Job_099,9,7426,8665,M6,8612,53,8665,0,0,0
Job_092,9,6860,8650,M4,8617,33,8650,0,0,0
Job_112,5,8416,9660,M5,8617,11,8628,-1032,0,1032
Job_113,2,8512,10214,M2,8621,61,8682,-1532,0,1532
Job_111,0,8300,10090,M1,8630,91,8721,-1369,0,1369
Job_103,5,7887,9767,M9,8648,11,8659,-1108,0,1108
Job_104,6,7918,9619,M5,8648,47,8695,-924,0,924
Job_109,3,8293,10357,M4,8650,99,8749,-1608,0,1608
Job_105,7,8019,9717,M9,8659,48,8707,-1010,0,1010
Job_106,2,8067,9948,M3,8663,76,8739,-1209,0,1209
Job_108,4,8288,9851,M8,8663,48,8711,-1140,0,1140
Job_103,6,7887,9767,M6,8665,40,8705,-1062,0,1062
Job_110,3,8299,9538,M5,8695,61,8756,-782,0,782
Job_113,3,8512,10214,M6,8705,7,8712,-1502,0,1502
Job_108,5,8288,9851,M9,8711,72,8783,-1068,0,1068
Job_113,4,8512,10214,M8,8712,64,8776,-1438,0,1438
Job_107,5,8121,9728,M1,8721,28,8749,-979,0,979
Job_111,1,8300,10090,M0,8721,85,8806,-1284,0,1284
Job_094,9,7072,8774,M7,8729,45,8774,0,0,0
Job_104,7,7918,9619,M3,8739,52,8791,-828,0,828
Job_107,6,8121,9728,M6,8749,46,8795,-933,0,933
Job_106,3,8067,9948,M5,8768,51,8819,-1129,0,1129
Job_103,7,7887,9767,M7,8774,89,8863,-904,0,904
Job_102,7,7673,9371,M9,8783,48,8831,-540,0,540
Job_101,9,7530,8841,M4,8786,55,8841,0,0,0
Job_110,4,8299,9538,M3,8791,26,8817,-721,0,721
Job_109,4,8293,10357,M6,8795,9,8804,-1553,0,1553
Job_109,5,8293,10357,M8,8804,52,8856,-1501,0,1501
Job_108,6,8288,9851,M0,8806,47,8853,-998,0,998
Job_111,2,8300,10090,M3,8817,39,8856,-1234,0,1234
Job_106,4,8067,9948,M2,8819,85,8904,-1044,0,1044
Job_107,7,8121,9728,M5,8819,46,8865,-863,0,863
Job_110,5,8299,9538,M4,8841,69,8910,-628,0,628
Job_108,7,8288,9851,M6,8853,65,8918,-933,0,933
Job_096,9,7280,8887,M8,8857,30,8887,0,0,0
Job_105,8,8019,9717,M7,8863,36,8899,-818,0,818
Job_090,9,6853,8917,M5,8874,43,8917,0,0,0
Job_102,8,7673,9371,M7,8899,36,8935,-436,0,436
Job_106,5,8067,9948,M9,8904,11,8915,-1033,0,1033
Job_111,3,8300,10090,M2,8904,74,8978,-1112,0,1112
Job_103,8,7887,9767,M4,8910,26,8936,-831,0,831
Job_110,6,8299,9538,M8,8910,21,8931,-607,0,607
Job_113,5,8512,10214,M9,8915,76,8991,-1223,0,1223
Job_112,6,8416,9660,M6,8918,62,8980,-680,0,680
Job_110,7,8299,9538,M7,8935,49,8984,-554,0,554
Job_108,8,8288,9851,M4,8936,6,8942,-909,0,909
Job_104,8,7918,9619,M4,8942,90,9032,-587,0,587
Job_111,4,8300,10090,M8,8978,90,9068,-1022,0,1022
Job_106,6,8067,9948,M6,8980,40,9020,-928,0,928
Job_113,6,8512,10214,M5,8991,47,9038,-1176,0,1176
Job_100,9,7493,9056,M7,9031,25,9056,0,0,0
Job_113,7,8512,10214,M3,9038,52,9090,-1124,0,1124
Job_109,6,8293,10357,M7,9056,85,9141,-1216,0,1216
Job_111,5,8300,10090,M5,9068,10,9078,-1012,0,1012
Job_097,9,7340,9129,M4,9096,33,9129,0,0,0
Job_110,8,8299,9538,M9,9105,72,9177,-361,0,361
Job_113,8,8512,10214,M4,9129,90,9219,-995,0,995
Job_109,7,8293,10357,M3,9141,98,9239,-1118,0,1118
Job_112,7,8416,9660,M7,9141,56,9197,-463,0,463
Job_106,7,8067,9948,M7,9197,89,9286,-662,0,662
Job_112,8,8416,9660,M8,9197,44,9241,-419,0,419
Job_106,8,8067,9948,M4,9286,26,9312,-636,0,636
Job_111,6,8300,10090,M7,9286,12,9298,-792,0,792
Job_102,9,7673,9371,M3,9292,79,9371,0,0,0
Job_107,8,8121,9728,M7,9298,72,9370,-358,0,358
Job_111,7,8300,10090,M6,9298,89,9387,-703,0,703
Job_111,8,8300,10090,M9,9387,45,9432,-658,0,658
Job_098,9,7391,9454,M5,9411,43,9454,0,0,0
Job_109,8,8293,10357,M9,9469,22,9491,-866,0,866
Job_110,9,8299,9538,M6,9485,53,9538,0,0,0
Job_104,9,7918,9619,M7,9574,45,9619,0,0,0
Job_105,9,8019,9717,M3,9638,79,9717,0,0,0
Job_112,9,8416,9660,M9,9639,21,9660,0,0,0
Job_107,9,8121,9728,M8,9663,30,9693,-35,0,35
Job_103,9,7887,9767,M8,9693,74,9767,0,0,0
Job_127,8,9728,11291,M4,9728,6,9734,-1557,0,1557
Job_128,6,9733,11797,M7,9733,85,9818,-1979,0,1979
Job_128,7,9733,11797,M3,9818,98,9916,-1881,0,1881
Job_108,9,8288,9851,M7,9826,25,9851,0,0,0
Job_106,9,8067,9948,M8,9874,74,9948,0,0,0
Job_128,8,9733,11797,M9,9916,22,9938,-1859,0,1859
Job_111,9,8300,10090,M4,10057,33,10090,0,0,0
Job_134,6,10160,11767,M6,10160,46,10206,-1561,0,1561
Job_113,9,8512,10214,M7,10169,45,10214,0,0,0
Job_134,7,10160,11767,M5,10206,46,10252,-1515,0,1515
Job_135,3,10220,12009,M2,10220,74,10294,-1715,0,1715
Job_134,8,10160,11767,M7,10252,72,10324,-1443,0,1443
Job_136,5,10271,12334,M8,10271,52,10323,-2011,0,2011
Job_109,9,8293,10357,M5,10314,43,10357,0,0,0
Job_135,4,10220,12009,M8,10323,90,10413,-1596,0,1596
Job_136,6,10271,12334,M7,10324,85,10409,-1925,0,1925
Job_136,7,10271,12334,M3,10409,98,10507,-1827,0,1827
Job_135,5,10220,12009,M5,10413,10,10423,-1586,0,1586
Job_139,7,10410,11721,M8,10413,89,10502,-1219,0,1219
Job_135,6,10220,12009,M7,10423,12,10435,-1574,0,1574
Job_135,7,10220,12009,M6,10435,89,10524,-1485,0,1485
Job_138,4,10373,11936,M8,10502,48,10550,-1386,0,1386
Job_139,8,10410,11721,M7,10502,30,10532,-1189,0,1189
Job_136,8,10271,12334,M9,10507,22,10529,-1805,0,1805
Job_135,8,10220,12009,M9,10529,45,10574,-1435,0,1435
Job_140,5,10553,12251,M6,10553,88,10641,-1610,0,1610
Job_138,5,10373,11936,M9,10574,72,10646,-1290,0,1290
Job_140,6,10553,12251,M8,10641,19,10660,-1591,0,1591
Job_138,6,10373,11936,M0,10646,47,10693,-1243,0,1243
Job_140,7,10553,12251,M9,10660,48,10708,-1543,0,1543
Job_138,7,10373,11936,M6,10693,65,10758,-1178,0,1178
Job_140,8,10553,12251,M7,10708,36,10744,-1507,0,1507
Job_138,8,10373,11936,M4,10758,6,10764,-1172,0,1172
Job_141,2,10767,12647,M3,10767,76,10843,-1804,0,1804
Job_142,4,10798,12499,M8,10798,64,10862,-1637,0,1637
Job_141,3,10767,12647,M5,10843,51,10894,-1753,0,1753
Job_142,5,10798,12499,M9,10862,76,10938,-1561,0,1561
Job_141,4,10767,12647,M2,10894,85,10979,-1668,0,1668
Job_143,4,10899,12597,M4,10899,32,10931,-1666,0,1666
Job_143,5,10899,12597,M6,10931,88,11019,-1578,0,1578
Job_142,6,10798,12499,M5,10938,47,10985,-1514,0,1514
Job_144,0,10947,12828,M0,10947,76,11023,-1805,0,1805
Job_141,5,10767,12647,M9,10979,11,10990,-1657,0,1657
Job_142,7,10798,12499,M3,10985,52,11037,-1462,0,1462
Job_145,2,11001,12608,M4,11001,75,11076,-1532,0,1532
Job_141,6,10767,12647,M6,11019,40,11059,-1588,0,1588
Job_143,6,10899,12597,M8,11019,19,11038,-1559,0,1559
Job_144,1,10947,12828,M1,11023,69,11092,-1736,0,1736
Job_143,7,10899,12597,M9,11038,48,11086,-1511,0,1511
Job_141,7,10767,12647,M7,11059,89,11148,-1499,0,1499
Job_142,8,10798,12499,M4,11076,90,11166,-1333,0,1333
Job_145,3,11001,12608,M9,11086,11,11097,-1511,0,1511
Job_144,2,10947,12828,M3,11092,76,11168,-1660,0,1660
Job_143,8,10899,12597,M7,11148,36,11184,-1413,0,1413
Job_141,8,10767,12647,M4,11166,26,11192,-1455,0,1455
Job_144,3,10947,12828,M5,11168,51,11219,-1609,0,1609
Job_145,4,11001,12608,M3,11168,69,11237,-1371,0,1371
Job_147,2,11173,13237,M0,11173,71,11244,-1993,0,1993
Job_148,2,11179,12418,M1,11179,22,11201,-1217,0,1217
Job_144,4,10947,12828,M2,11219,85,11304,-1524,0,1524
Job_148,3,11179,12418,M5,11219,61,11280,-1138,0,1138
Job_145,5,11001,12608,M1,11237,28,11265,-1343,0,1343
Job_146,3,11168,12731,M3,11237,95,11332,-1399,0,1399
Job_147,3,11173,13237,M4,11244,99,11343,-1894,0,1894
Job_149,1,11180,12970,M0,11244,85,11329,-1641,0,1641
Job_145,6,11001,12608,M6,11265,46,11311,-1297,0,1297
Job_127,9,9728,11291,M7,11266,25,11291,0,0,0
Job_150,1,11296,12540,M1,11296,78,11374,-1166,0,1166
Job_144,5,10947,12828,M9,11304,11,11315,-1513,0,1513
Job_145,7,11001,12608,M5,11311,46,11357,-1251,0,1251
Job_144,6,10947,12828,M6,11315,40,11355,-1473,0,1473
Job_146,4,11168,12731,M8,11332,48,11380,-1351,0,1351
Job_148,4,11179,12418,M3,11332,26,11358,-1060,0,1060
Job_144,7,10947,12828,M7,11355,89,11444,-1384,0,1384
Job_147,4,11173,13237,M6,11355,9,11364,-1873,0,1873
Job_148,5,11179,12418,M4,11358,69,11427,-991,0,991
Job_149,2,11180,12970,M3,11358,39,11397,-1573,0,1573
Job_150,2,11296,12540,M2,11374,9,11383,-1157,0,1157
Job_146,5,11168,12731,M9,11380,72,11452,-1279,0,1279
Job_147,5,11173,13237,M8,11380,52,11432,-1805,0,1805
Job_151,0,11392,13094,M1,11392,85,11477,-1617,0,1617
Job_149,3,11180,12970,M2,11397,74,11471,-1499,0,1499
Job_150,3,11296,12540,M3,11397,36,11433,-1107,0,1107
Job_148,6,11179,12418,M8,11432,21,11453,-965,0,965
Job_150,4,11296,12540,M4,11433,49,11482,-1058,0,1058
Job_145,8,11001,12608,M7,11444,72,11516,-1092,0,1092
Job_146,6,11168,12731,M0,11452,47,11499,-1232,0,1232
Job_149,4,11180,12970,M8,11471,90,11561,-1409,0,1409
Job_150,5,11296,12540,M5,11482,11,11493,-1047,0,1047
Job_150,6,11296,12540,M6,11493,62,11555,-985,0,985
Job_130,9,9740,11530,M4,11497,33,11530,0,0,0
Job_151,1,11392,13094,M0,11499,13,11512,-1582,0,1582
Job_151,2,11392,13094,M2,11512,61,11573,-1521,0,1521
Job_148,7,11179,12418,M7,11516,49,11565,-853,0,853
Job_152,0,11520,12764,M0,11520,29,11549,-1215,0,1215
Job_144,8,10947,12828,M4,11530,26,11556,-1272,0,1272
Job_152,1,11520,12764,M1,11549,78,11627,-1137,0,1137
Job_146,7,11168,12731,M6,11555,65,11620,-1111,0,1111
Job_149,5,11180,12970,M5,11561,10,11571,-1399,0,1399
Job_148,8,11179,12418,M9,11565,72,11637,-781,0,781
Job_149,6,11180,12970,M7,11571,12,11583,-1387,0,1387
Job_153,0,11600,13207,M0,11600,43,11643,-1564,0,1564
Job_132,9,9952,11654,M7,11609,45,11654,0,0,0
Job_146,8,11168,12731,M4,11620,6,11626,-1105,0,1105
Job_151,3,11392,13094,M6,11620,7,11627,-1467,0,1467
Job_149,7,11180,12970,M6,11627,89,11716,-1254,0,1254
Job_151,4,11392,13094,M8,11627,64,11691,-1403,0,1403
Job_152,2,11520,12764,M2,11627,9,11636,-1128,0,1128
Job_152,3,11520,12764,M3,11636,36,11672,-1092,0,1092
Job_153,1,11600,13207,M2,11643,90,11733,-1474,0,1474
Job_150,7,11296,12540,M7,11654,56,11710,-830,0,830
Job_154,0,11660,13449,M1,11660,91,11751,-1698,0,1698
Job_139,9,10410,11721,M4,11666,55,11721,0,0,0
Job_151,5,11392,13094,M9,11691,76,11767,-1327,0,1327
Job_147,6,11173,13237,M7,11710,85,11795,-1442,0,1442
Job_152,4,11520,12764,M4,11721,49,11770,-994,0,994
Job_134,9,10160,11767,M8,11737,30,11767,0,0,0
Job_156,0,11746,12985,M2,11746,14,11760,-1225,0,1225
Job_154,1,11660,13449,M0,11751,85,11836,-1613,0,1613
Job_155,0,11711,13774,M1,11751,81,11832,-1942,0,1942
Job_128,9,9733,11797,M5,11754,43,11797,0,0,0
Job_149,8,11180,12970,M9,11767,45,11812,-1158,0,1158
Job_150,8,11296,12540,M8,11767,44,11811,-729,0,729
Job_153,2,11600,13207,M4,11770,75,11845,-1362,0,1362
Job_147,7,11173,13237,M3,11795,98,11893,-1344,0,1344
Job_152,5,11520,12764,M5,11797,11,11808,-956,0,956
Job_151,6,11392,13094,M5,11808,47,11855,-1239,0,1239
Job_152,6,11520,12764,M6,11808,62,11870,-894,0,894
Job_157,0,11813,13376,M2,11813,84,11897,-1479,0,1479
Job_156,1,11746,12985,M0,11836,6,11842,-1143,0,1143
Job_156,2,11746,12985,M1,11842,22,11864,-1121,0,1121
Job_153,3,11600,13207,M9,11845,11,11856,-1351,0,1351
Job_156,3,11746,12985,M5,11864,61,11925,-1060,0,1060
Job_158,0,11850,13161,M1,11864,46,11910,-1251,0,1251
Job_147,8,11173,13237,M9,11893,22,11915,-1322,0,1322
Job_151,7,11392,13094,M3,11893,52,11945,-1149,0,1149
Job_155,1,11711,13774,M2,11897,95,11992,-1782,0,1782
Job_157,1,11813,13376,M1,11910,2,11912,-1464,0,1464
Job_158,1,11850,13161,M0,11910,37,11947,-1214,0,1214
Job_138,9,10373,11936,M7,11911,25,11936,0,0,0
Job_157,2,11813,13376,M5,11925,52,11977,-1399,0,1399
Job_152,7,11520,12764,M7,11936,56,11992,-772,0,772
Job_156,4,11746,12985,M3,11945,26,11971,-1014,0,1014
Job_158,2,11850,13161,M3,11971,61,12032,-1129,0,1129
Job_135,9,10220,12009,M4,11976,33,12009,0,0,0
Job_152,8,11520,12764,M8,11992,44,12036,-728,0,728
Job_155,2,11711,13774,M0,11992,71,12063,-1711,0,1711
Job_159,0,11993,13691,M2,11993,31,12024,-1667,0,1667
Job_156,5,11746,12985,M4,12009,69,12078,-907,0,907
Job_153,4,11600,13207,M3,12032,69,12101,-1106,0,1106
Job_158,3,11850,13161,M2,12032,13,12045,-1116,0,1116
Job_158,4,11850,13161,M6,12045,32,12077,-1084,0,1084
Job_159,1,11993,13691,M0,12063,86,12149,-1542,0,1542
Job_158,5,11850,13161,M5,12077,21,12098,-1063,0,1063
Job_151,8,11392,13094,M4,12078,90,12168,-926,0,926
Job_156,6,11746,12985,M8,12078,21,12099,-886,0,886
Job_158,6,11850,13161,M9,12098,32,12130,-1031,0,1031
Job_156,7,11746,12985,M7,12099,49,12148,-837,0,837
Job_153,5,11600,13207,M1,12101,28,12129,-1078,0,1078
Job_154,2,11660,13449,M3,12101,39,12140,-1309,0,1309
Job_153,6,11600,13207,M6,12129,46,12175,-1032,0,1032
Job_158,7,11850,13161,M8,12130,89,12219,-942,0,942
Job_154,3,11660,13449,M2,12140,74,12214,-1235,0,1235
Job_156,8,11746,12985,M9,12148,72,12220,-765,0,765
Job_159,2,11993,13691,M1,12149,46,12195,-1496,0,1496
Job_155,3,11711,13774,M4,12168,99,12267,-1507,0,1507
Job_140,9,10553,12251,M3,12172,79,12251,0,0,0
Job_153,7,11600,13207,M5,12175,46,12221,-986,0,986
Job_160,0,12207,14087,M0,12207,76,12283,-1804,0,1804
Job_154,4,11660,13449,M8,12219,90,12309,-1140,0,1140
Job_158,8,11850,13161,M7,12219,30,12249,-912,0,912
Job_161,0,12238,13939,M1,12238,85,12323,-1616,0,1616
Job_153,8,11600,13207,M7,12249,72,12321,-886,0,886
Job_157,3,11813,13376,M3,12251,95,12346,-1030,0,1030
Job_155,4,11711,13774,M6,12267,9,12276,-1498,0,1498
Job_136,9,10271,12334,M5,12291,43,12334,0,0,0
Job_155,5,11711,13774,M8,12309,52,12361,-1413,0,1413
Job_160,1,12207,14087,M1,12323,69,12392,-1695,0,1695
Job_161,1,12238,13939,M0,12323,13,12336,-1603,0,1603
Job_154,5,11660,13449,M5,12334,10,12344,-1105,0,1105
Job_161,2,12238,13939,M2,12336,61,12397,-1542,0,1542
Job_154,6,11660,13449,M7,12344,12,12356,-1093,0,1093
Job_159,3,11993,13691,M5,12344,74,12418,-1273,0,1273
Job_155,6,11711,13774,M7,12361,85,12446,-1328,0,1328
Job_157,4,11813,13376,M8,12361,48,12409,-967,0,967
Job_148,9,11179,12418,M6,12365,53,12418,0,0,0
Job_163,0,12387,14268,M0,12387,76,12463,-1805,0,1805
Job_160,2,12207,14087,M3,12392,76,12468,-1619,0,1619
Job_162,0,12339,14037,M2,12397,31,12428,-1609,0,1609
Job_157,5,11813,13376,M9,12409,72,12481,-895,0,895
Job_154,7,11660,13449,M6,12418,89,12507,-942,0,942
Job_159,4,11993,13691,M4,12418,32,12450,-1241,0,1241
Job_142,9,10798,12499,M7,12454,45,12499,0,0,0
Job_163,1,12387,14268,M1,12463,69,12532,-1736,0,1736
Job_164,0,12441,14048,M0,12463,43,12506,-1542,0,1542
Job_160,3,12207,14087,M5,12468,51,12519,-1568,0,1568
Job_157,6,11813,13376,M0,12506,47,12553,-823,0,823
Job_164,1,12441,14048,M2,12506,90,12596,-1452,0,1452
Job_159,5,11993,13691,M6,12507,88,12595,-1096,0,1096
Job_143,9,10899,12597,M3,12518,79,12597,0,0,0
Job_150,9,11296,12540,M9,12519,21,12540,0,0,0
Job_154,8,11660,13449,M9,12540,45,12585,-864,0,864
Job_145,9,11001,12608,M8,12543,30,12573,-35,0,35
Job_162,1,12339,14037,M0,12553,86,12639,-1398,0,1398
Job_141,9,10767,12647,M8,12573,74,12647,0,0,0
Job_157,7,11813,13376,M6,12595,65,12660,-716,0,716
Job_160,4,12207,14087,M2,12596,85,12681,-1406,0,1406
Job_164,2,12441,14048,M4,12596,75,12671,-1377,0,1377
Job_155,7,11711,13774,M3,12597,98,12695,-1079,0,1079
Job_166,0,12613,14677,M1,12613,81,12694,-1983,0,1983
Job_159,6,11993,13691,M8,12647,19,12666,-1025,0,1025
Job_161,3,12238,13939,M6,12660,7,12667,-1272,0,1272
Job_159,7,11993,13691,M9,12666,48,12714,-977,0,977
Job_161,4,12238,13939,M8,12667,64,12731,-1208,0,1208
Job_157,8,11813,13376,M4,12671,6,12677,-699,0,699
Job_167,0,12619,13858,M2,12681,14,12695,-1163,0,1163
Job_162,2,12339,14037,M1,12694,46,12740,-1297,0,1297
Job_163,2,12387,14268,M3,12695,76,12771,-1497,0,1497
Job_165,0,12608,14171,M2,12695,84,12779,-1392,0,1392
Job_167,1,12619,13858,M0,12695,6,12701,-1157,0,1157
Job_146,9,11168,12731,M7,12706,25,12731,0,0,0
Job_164,3,12441,14048,M9,12714,11,12725,-1323,0,1323
Job_160,5,12207,14087,M9,12725,11,12736,-1351,0,1351
Job_159,8,11993,13691,M7,12731,36,12767,-924,0,924
Job_160,6,12207,14087,M6,12736,40,12776,-1311,0,1311
Job_169,0,12736,13980,M0,12736,29,12765,-1215,0,1215
Job_162,3,12339,14037,M5,12740,74,12814,-1223,0,1223
Job_167,2,12619,13858,M1,12740,22,12762,-1096,0,1096
Job_152,9,11520,12764,M9,12743,21,12764,0,0,0
Job_144,9,10947,12828,M8,12754,74,12828,0,0,0
Job_168,0,12620,14410,M1,12762,91,12853,-1557,0,1557
Job_161,5,12238,13939,M9,12764,76,12840,-1099,0,1099
Job_164,4,12441,14048,M3,12771,69,12840,-1208,0,1208
Job_160,7,12207,14087,M7,12776,89,12865,-1222,0,1222
Job_166,1,12613,14677,M2,12779,95,12874,-1803,0,1803
Job_162,4,12339,14037,M4,12814,32,12846,-1191,0,1191
Job_167,3,12619,13858,M5,12814,61,12875,-983,0,983
Job_155,8,11711,13774,M9,12840,22,12862,-912,0,912
Job_168,1,12620,14410,M0,12853,85,12938,-1472,0,1472
Job_169,1,12736,13980,M1,12853,78,12931,-1049,0,1049
Job_160,8,12207,14087,M4,12865,26,12891,-1196,0,1196
Job_161,6,12238,13939,M5,12875,47,12922,-1017,0,1017
Job_167,4,12619,13858,M3,12875,26,12901,-957,0,957
Job_161,7,12238,13939,M3,12922,52,12974,-965,0,965
Job_163,3,12387,14268,M5,12922,51,12973,-1295,0,1295
Job_165,1,12608,14171,M1,12931,2,12933,-1238,0,1238
Job_169,2,12736,13980,M2,12931,9,12940,-1040,0,1040
Job_156,9,11746,12985,M6,12932,53,12985,0,0,0
Job_164,5,12441,14048,M1,12933,28,12961,-1087,0,1087
Job_149,9,11180,12970,M4,12937,33,12970,0,0,0
Job_166,2,12613,14677,M0,12938,71,13009,-1668,0,1668
Job_170,0,12832,14534,M1,12961,85,13046,-1488,0,1488
Job_167,5,12619,13858,M4,12970,69,13039,-819,0,819
Job_163,4,12387,14268,M2,12973,85,13058,-1210,0,1210
Job_165,2,12608,14171,M5,12973,52,13025,-1146,0,1146
Job_169,3,12736,13980,M3,12974,36,13010,-970,0,970
Job_162,5,12339,14037,M6,12985,88,13073,-964,0,964
Job_171,0,12960,14204,M0,13009,29,13038,-1166,0,1166
Job_168,2,12620,14410,M3,13010,39,13049,-1361,0,1361
Job_167,6,12619,13858,M8,13039,21,13060,-798,0,798
Job_169,4,12736,13980,M4,13039,49,13088,-892,0,892
Job_172,0,13040,14647,M0,13040,43,13083,-1564,0,1564
Job_171,1,12960,14204,M1,13046,78,13124,-1080,0,1080
Job_151,9,11392,13094,M7,13049,45,13094,0,0,0
Job_165,3,12608,14171,M3,13049,95,13144,-1027,0,1027
Job_163,5,12387,14268,M9,13058,11,13069,-1199,0,1199
Job_168,3,12620,14410,M2,13058,74,13132,-1278,0,1278
Job_162,6,12339,14037,M8,13073,19,13092,-945,0,945
Job_164,6,12441,14048,M6,13073,46,13119,-929,0,929
Job_170,1,12832,14534,M0,13083,13,13096,-1438,0,1438
Job_169,5,12736,13980,M5,13088,11,13099,-881,0,881
Job_162,7,12339,14037,M9,13092,48,13140,-897,0,897
Job_167,7,12619,13858,M7,13094,49,13143,-715,0,715
Job_158,9,11850,13161,M4,13106,55,13161,0,0,0
Job_164,7,12441,14048,M5,13119,46,13165,-883,0,883
Job_169,6,12736,13980,M6,13119,62,13181,-799,0,799
Job_173,0,13100,14889,M1,13124,91,13215,-1674,0,1674
Job_170,2,12832,14534,M2,13132,61,13193,-1341,0,1341
Job_162,8,12339,14037,M7,13143,36,13179,-858,0,858
Job_167,8,12619,13858,M9,13143,72,13215,-643,0,643
Job_161,8,12238,13939,M4,13161,90,13251,-688,0,688
Job_153,9,11600,13207,M8,13177,30,13207,0,0,0
Job_164,8,12441,14048,M7,13179,72,13251,-797,0,797
Job_163,6,12387,14268,M6,13181,40,13221,-1047,0,1047
Job_171,2,12960,14204,M2,13193,9,13202,-1002,0,1002
Job_147,9,11173,13237,M5,13194,43,13237,0,0,0
Job_171,3,12960,14204,M3,13202,36,13238,-966,0,966
Job_175,0,13186,14425,M2,13202,14,13216,-1209,0,1209
Job_165,4,12608,14171,M8,13207,48,13255,-916,0,916
Job_173,1,13100,14889,M0,13215,85,13300,-1589,0,1589
Job_174,0,13151,15214,M1,13215,81,13296,-1918,0,1918
Job_172,1,13040,14647,M2,13216,90,13306,-1341,0,1341
Job_170,3,12832,14534,M6,13221,7,13228,-1306,0,1306
Job_169,7,12736,13980,M7,13251,56,13307,-673,0,673
Job_171,4,12960,14204,M4,13251,49,13300,-904,0,904
Job_165,5,12608,14171,M9,13255,72,13327,-844,0,844
Job_170,4,12832,14534,M8,13255,64,13319,-1215,0,1215
Job_177,0,13290,14601,M1,13296,46,13342,-1259,0,1259
Job_166,3,12613,14677,M4,13300,99,13399,-1278,0,1278
Job_171,5,12960,14204,M5,13300,11,13311,-893,0,893
Job_173,2,13100,14889,M3,13300,39,13339,-1550,0,1550
Job_175,1,13186,14425,M0,13300,6,13306,-1119,0,1119
Job_176,0,13253,14816,M2,13306,84,13390,-1426,0,1426
Job_171,6,12960,14204,M6,13311,62,13373,-831,0,831
Job_169,8,12736,13980,M8,13319,44,13363,-617,0,617
Job_165,6,12608,14171,M0,13327,47,13374,-797,0,797
Job_170,5,12832,14534,M9,13327,76,13403,-1131,0,1131
Job_175,2,13186,14425,M1,13342,22,13364,-1061,0,1061
Job_157,9,11813,13376,M7,13351,25,13376,0,0,0
Job_168,4,12620,14410,M8,13363,90,13453,-957,0,957
Job_175,3,13186,14425,M5,13364,61,13425,-1000,0,1000
Job_165,7,12608,14171,M6,13374,65,13439,-732,0,732
Job_177,1,13290,14601,M0,13374,37,13411,-1190,0,1190
Job_163,7,12387,14268,M7,13376,89,13465,-803,0,803
Job_173,3,13100,14889,M2,13390,74,13464,-1425,0,1425
Job_176,1,13253,14816,M1,13390,2,13392,-1424,0,1424
Job_177,2,13290,14601,M3,13411,61,13472,-1129,0,1129
Job_154,9,11660,13449,M4,13416,33,13449,0,0,0
Job_170,6,12832,14534,M5,13425,47,13472,-1062,0,1062
Job_166,4,12613,14677,M6,13439,9,13448,-1229,0,1229
Job_165,8,12608,14171,M4,13449,6,13455,-716,0,716
Job_166,5,12613,14677,M8,13453,52,13505,-1172,0,1172
Job_172,2,13040,14647,M4,13455,75,13530,-1117,0,1117
Job_174,1,13151,15214,M2,13464,95,13559,-1655,0,1655
Job_171,7,12960,14204,M7,13465,56,13521,-683,0,683
Job_168,5,12620,14410,M5,13472,10,13482,-928,0,928
Job_175,4,13186,14425,M3,13472,26,13498,-927,0,927
Job_176,2,13253,14816,M5,13482,52,13534,-1282,0,1282
Job_170,7,12832,14534,M3,13498,52,13550,-984,0,984
Job_173,4,13100,14889,M8,13505,90,13595,-1294,0,1294
Job_168,6,12620,14410,M7,13521,12,13533,-877,0,877
Job_172,3,13040,14647,M9,13530,11,13541,-1106,0,1106
Job_175,5,13186,14425,M4,13530,69,13599,-826,0,826
Job_166,6,12613,14677,M7,13533,85,13618,-1059,0,1059
Job_168,7,12620,14410,M6,13533,89,13622,-788,0,788
Job_174,2,13151,15214,M0,13559,71,13630,-1584,0,1584
Job_177,3,13290,14601,M2,13559,13,13572,-1029,0,1029
Job_178,0,13433,15131,M2,13572,31,13603,-1528,0,1528
Job_171,8,12960,14204,M8,13595,44,13639,-565,0,565
Job_173,5,13100,14889,M5,13595,10,13605,-1284,0,1284
Job_163,8,12387,14268,M4,13599,26,13625,-643,0,643
Job_159,9,11993,13691,M3,13612,79,13691,0,0,0
Job_173,6,13100,14889,M7,13618,12,13630,-1259,0,1259
Job_168,8,12620,14410,M9,13622,45,13667,-743,0,743
Job_177,4,13290,14601,M6,13622,32,13654,-947,0,947
Job_170,8,12832,14534,M4,13625,90,13715,-819,0,819
Job_178,1,13433,15131,M0,13630,86,13716,-1415,0,1415
Job_175,6,13186,14425,M8,13639,21,13660,-765,0,765
Job_173,7,13100,14889,M6,13654,89,13743,-1146,0,1146
Job_177,5,13290,14601,M5,13654,21,13675,-926,0,926
Job_175,7,13186,14425,M7,13660,49,13709,-716,0,716
Job_177,6,13290,14601,M9,13675,32,13707,-894,0,894
Job_180,0,13678,15379,M1,13678,85,13763,-1616,0,1616
Job_172,4,13040,14647,M3,13691,69,13760,-887,0,887
Job_177,7,13290,14601,M8,13707,89,13796,-805,0,805
Job_175,8,13186,14425,M9,13709,72,13781,-644,0,644
Job_174,3,13151,15214,M4,13715,99,13814,-1400,0,1400
Job_179,0,13647,15527,M0,13716,76,13792,-1735,0,1735
Job_155,9,11711,13774,M5,13731,43,13774,0,0,0
Job_176,3,13253,14816,M3,13760,95,13855,-961,0,961
Job_172,5,13040,14647,M1,13763,28,13791,-856,0,856
Job_181,0,13779,15477,M2,13779,31,13810,-1667,0,1667
Job_173,8,13100,14889,M9,13781,45,13826,-1063,0,1063
Job_178,2,13433,15131,M1,13791,46,13837,-1294,0,1294
Job_180,1,13678,15379,M0,13792,13,13805,-1574,0,1574
Job_177,8,13290,14601,M7,13796,30,13826,-775,0,775
Job_167,9,12619,13858,M6,13805,53,13858,0,0,0
Job_180,2,13678,15379,M2,13810,61,13871,-1508,0,1508
Job_181,1,13779,15477,M0,13810,86,13896,-1581,0,1581
Job_178,3,13433,15131,M5,13837,74,13911,-1220,0,1220
Job_179,1,13647,15527,M1,13837,69,13906,-1621,0,1621
Job_166,7,12613,14677,M3,13855,98,13953,-724,0,724
Job_176,4,13253,14816,M8,13855,48,13903,-913,0,913
Job_172,6,13040,14647,M6,13858,46,13904,-743,0,743
Job_161,9,12238,13939,M7,13894,45,13939,0,0,0
Job_183,0,13881,15488,M0,13896,43,13939,-1549,0,1549
Job_174,4,13151,15214,M6,13904,9,13913,-1301,0,1301
Job_181,2,13779,15477,M1,13906,46,13952,-1525,0,1525
Job_172,7,13040,14647,M5,13911,46,13957,-690,0,690
Job_178,4,13433,15131,M4,13911,32,13943,-1188,0,1188
Job_174,5,13151,15214,M8,13913,52,13965,-1249,0,1249
Job_180,3,13678,15379,M6,13913,7,13920,-1459,0,1459
Job_182,0,13827,15708,M0,13939,76,14015,-1693,0,1693
Job_183,1,13881,15488,M2,13939,90,14029,-1459,0,1459
Job_178,5,13433,15131,M6,13943,88,14031,-1100,0,1100
Job_172,8,13040,14647,M7,13957,72,14029,-618,0,618
Job_181,3,13779,15477,M5,13957,74,14031,-1446,0,1446
Job_162,9,12339,14037,M3,13958,79,14037,0,0,0
Job_169,9,12736,13980,M9,13959,21,13980,0,0,0
Job_176,5,13253,14816,M9,13980,72,14052,-764,0,764
Job_164,9,12441,14048,M8,13983,30,14013,-35,0,35
Job_160,9,12207,14087,M8,14013,74,14087,0,0,0
Job_182,1,13827,15708,M1,14015,69,14084,-1624,0,1624
Job_174,6,13151,15214,M7,14029,85,14114,-1100,0,1100
Job_183,2,13881,15488,M4,14029,75,14104,-1384,0,1384
Job_179,2,13647,15527,M3,14037,76,14113,-1414,0,1414
Job_184,0,14048,15611,M2,14048,84,14132,-1479,0,1479
Job_166,8,12613,14677,M9,14052,22,14074,-603,0,603
Job_176,6,13253,14816,M0,14052,47,14099,-717,0,717
Job_187,0,14060,15850,M1,14084,91,14175,-1675,0,1675
Job_178,6,13433,15131,M8,14087,19,14106,-1025,0,1025
Job_176,7,13253,14816,M6,14099,65,14164,-652,0,652
Job_181,4,13779,15477,M4,14104,32,14136,-1341,0,1341
Job_183,3,13881,15488,M9,14104,11,14115,-1373,0,1373
Job_180,4,13678,15379,M8,14106,64,14170,-1209,0,1209
Job_179,3,13647,15527,M5,14113,51,14164,-1363,0,1363
Job_182,2,13827,15708,M3,14113,76,14189,-1519,0,1519
Job_178,7,13433,15131,M9,14115,48,14163,-968,0,968
Job_186,0,14059,15298,M2,14132,14,14146,-1152,0,1152
Job_165,9,12608,14171,M7,14146,25,14171,0,0,0
Job_186,1,14059,15298,M0,14146,6,14152,-1146,0,1146
Job_176,8,13253,14816,M4,14164,6,14170,-646,0,646
Job_179,4,13647,15527,M2,14164,85,14249,-1278,0,1278
Job_181,5,13779,15477,M6,14164,88,14252,-1225,0,1225
Job_178,8,13433,15131,M7,14171,36,14207,-924,0,924
Job_186,2,14059,15298,M1,14175,22,14197,-1101,0,1101
Job_187,1,14060,15850,M0,14175,85,14260,-1590,0,1590
Job_171,9,12960,14204,M9,14183,21,14204,0,0,0
Job_174,7,13151,15214,M3,14189,98,14287,-927,0,927
Job_182,3,13827,15708,M5,14189,51,14240,-1468,0,1468
Job_163,9,12387,14268,M8,14194,74,14268,0,0,0
Job_184,1,14048,15611,M1,14197,2,14199,-1412,0,1412
Job_185,0,14053,16117,M1,14199,81,14280,-1837,0,1837
Job_180,5,13678,15379,M9,14204,76,14280,-1099,0,1099
Job_186,3,14059,15298,M5,14240,61,14301,-997,0,997
Job_182,4,13827,15708,M2,14249,85,14334,-1374,0,1374
Job_188,0,14176,15420,M0,14260,29,14289,-1131,0,1131
Job_181,6,13779,15477,M8,14268,19,14287,-1190,0,1190
Job_179,5,13647,15527,M9,14280,11,14291,-1236,0,1236
Job_189,0,14272,15974,M1,14280,85,14365,-1609,0,1609
Job_183,4,13881,15488,M3,14287,69,14356,-1132,0,1132
Job_174,8,13151,15214,M9,14291,22,14313,-901,0,901
Job_179,6,13647,15527,M6,14291,40,14331,-1196,0,1196
Job_184,2,14048,15611,M5,14301,52,14353,-1258,0,1258
Job_181,7,13779,15477,M9,14313,48,14361,-1116,0,1116
Job_179,7,13647,15527,M7,14331,89,14420,-1107,0,1107
Job_185,1,14053,16117,M2,14334,95,14429,-1688,0,1688
Job_180,6,13678,15379,M5,14353,47,14400,-979,0,979
Job_186,4,14059,15298,M3,14356,26,14382,-916,0,916
Job_182,5,13827,15708,M9,14361,11,14372,-1336,0,1336
Job_188,1,14176,15420,M1,14365,78,14443,-977,0,977
Job_189,1,14272,15974,M0,14365,13,14378,-1596,0,1596
Job_175,9,13186,14425,M6,14372,53,14425,0,0,0
Job_168,9,12620,14410,M4,14377,33,14410,0,0,0
Job_184,3,14048,15611,M3,14382,95,14477,-1134,0,1134
Job_186,5,14059,15298,M4,14410,69,14479,-819,0,819
Job_181,8,13779,15477,M7,14420,36,14456,-1021,0,1021
Job_182,6,13827,15708,M6,14425,40,14465,-1243,0,1243
Job_185,2,14053,16117,M0,14429,71,14500,-1617,0,1617
Job_189,2,14272,15974,M2,14429,61,14490,-1484,0,1484
Job_183,5,13881,15488,M1,14443,28,14471,-1017,0,1017
Job_183,6,13881,15488,M6,14471,46,14517,-971,0,971
Job_180,7,13678,15379,M3,14477,52,14529,-850,0,850
Job_184,4,14048,15611,M8,14477,48,14525,-1086,0,1086
Job_179,8,13647,15527,M4,14479,26,14505,-1022,0,1022
Job_170,9,12832,14534,M7,14489,45,14534,0,0,0
Job_188,2,14176,15420,M2,14490,9,14499,-921,0,921
Job_183,7,13881,15488,M5,14517,46,14563,-925,0,925
Job_189,3,14272,15974,M6,14517,7,14524,-1450,0,1450
Job_184,5,14048,15611,M9,14525,72,14597,-1014,0,1014
Job_186,6,14059,15298,M8,14525,21,14546,-752,0,752
Job_188,3,14176,15420,M3,14529,36,14565,-855,0,855
Job_182,7,13827,15708,M7,14534,89,14623,-1085,0,1085
Job_177,9,13290,14601,M4,14546,55,14601,0,0,0
Job_189,4,14272,15974,M8,14546,64,14610,-1364,0,1364
Job_187,2,14060,15850,M3,14565,39,14604,-1246,0,1246
Job_184,6,14048,15611,M0,14597,47,14644,-967,0,967
Job_188,4,14176,15420,M4,14601,49,14650,-770,0,770
Job_187,3,14060,15850,M2,14604,74,14678,-1172,0,1172
Job_189,5,14272,15974,M9,14610,76,14686,-1288,0,1288
Job_172,9,13040,14647,M8,14617,30,14647,0,0,0
Job_186,7,14059,15298,M7,14623,49,14672,-626,0,626
Job_166,9,12613,14677,M5,14634,43,14677,0,0,0
Job_184,7,14048,15611,M6,14644,65,14709,-902,0,902
Job_180,8,13678,15379,M4,14650,90,14740,-639,0,639
Job_183,8,13881,15488,M7,14672,72,14744,-744,0,744
Job_188,5,14176,15420,M5,14677,11,14688,-732,0,732
Job_187,4,14060,15850,M8,14678,90,14768,-1082,0,1082
Job_186,8,14059,15298,M9,14686,72,14758,-540,0,540
Job_189,6,14272,15974,M5,14688,47,14735,-1239,0,1239
Job_188,6,14176,15420,M6,14709,62,14771,-649,0,649
Job_189,7,14272,15974,M3,14735,52,14787,-1187,0,1187
Job_184,8,14048,15611,M4,14740,6,14746,-865,0,865
Job_182,8,13827,15708,M4,14746,26,14772,-936,0,936
Job_187,5,14060,15850,M5,14768,10,14778,-1072,0,1072
Job_187,6,14060,15850,M7,14778,12,14790,-1060,0,1060
Job_187,7,14060,15850,M6,14790,89,14879,-971,0,971
Job_176,9,13253,14816,M7,14791,25,14816,0,0,0
Job_188,7,14176,15420,M7,14816,56,14872,-548,0,548
Job_173,9,13100,14889,M4,14856,33,14889,0,0,0
Job_188,8,14176,15420,M8,14872,44,14916,-504,0,504
Job_187,8,14060,15850,M9,14879,45,14924,-926,0,926
Job_185,3,14053,16117,M4,14889,99,14988,-1129,0,1129
Job_185,4,14053,16117,M6,14988,9,14997,-1120,0,1120
Job_189,8,14272,15974,M4,14988,90,15078,-896,0,896
Job_185,5,14053,16117,M8,14997,52,15049,-1068,0,1068
Job_185,6,14053,16117,M7,15049,85,15134,-983,0,983
Job_178,9,13433,15131,M3,15052,79,15131,0,0,0
Job_185,7,14053,16117,M3,15134,98,15232,-885,0,885
Job_174,9,13151,15214,M5,15171,43,15214,0,0,0
Job_185,8,14053,16117,M9,15232,22,15254,-863,0,863
Job_186,9,14059,15298,M6,15245,53,15298,0,0,0
Job_180,9,13678,15379,M7,15334,45,15379,0,0,0
Job_181,9,13779,15477,M3,15398,79,15477,0,0,0
Job_188,9,14176,15420,M9,15399,21,15420,0,0,0
Job_183,9,13881,15488,M8,15423,30,15453,-35,0,35
Job_179,9,13647,15527,M8,15453,74,15527,0,0,0
Job_184,9,14048,15611,M7,15586,25,15611,0,0,0
Job_182,9,13827,15708,M8,15634,74,15708,0,0,0
Job_187,9,14060,15850,M4,15817,33,15850,0,0,0
Job_189,9,14272,15974,M7,15929,45,15974,0,0,0
Job_185,9,14053,16117,M5,16074,43,16117,0,0,0
