Job,Operation,Arrival,Deadline,Machine,Start,Processing Time,End,Lateness,Tardiness,Earliness
Job_034,4,2550,3671,M3,2882,26,2908,-763,0,763
Job_026,8,1918,3455,M7,2884,36,2920,-535,0,535
Job_025,9,1773,2960,M4,2899,55,2954,-6,0,6
Job_030,5,2316,4018,M9,2902,11,2913,-1105,0,1105
Job_037,2,2766,4306,M2,2903,61,2964,-1342,0,1342
Job_031,4,2371,3825,M3,2908,69,2977,-848,0,848
Job_022,8,1632,3500,M9,2913,22,2935,-565,0,565
Job_027,6,2134,3836,M6,2928,40,2968,-868,0,868
Job_038,0,2880,4006,M0,2928,29,2957,-1049,0,1049
Job_014,9,1104,2972,M5,2929,43,2972,0,0,0
Job_029,8,2267,3804,M7,2932,36,2968,-836,0,836
Job_020,9,1521,2975,M8,2945,30,2975,0,0,0
Job_024,8,1736,3150,M4,2954,6,2960,-190,0,190
Job_038,1,2880,4006,M1,2957,78,3035,-971,0,971
Job_034,5,2550,3671,M4,2960,69,3029,-642,0,642
Job_039,0,2961,4415,M0,2962,43,3005,-1410,0,1410
Job_036,2,2668,3795,M2,2964,9,2973,-822,0,822
Job_027,7,2134,3836,M7,2968,89,3057,-779,0,779
Job_030,6,2316,4018,M6,2968,40,3008,-1010,0,1010
Job_036,3,2668,3795,M3,2977,36,3013,-782,0,782
Job_033,2,2544,4412,M0,3005,71,3076,-1336,0,1336
Job_039,1,2961,4415,M2,3005,90,3095,-1320,0,1320
Job_037,3,2766,4306,M6,3008,7,3015,-1291,0,1291
Job_028,7,2165,3705,M3,3013,52,3065,-640,0,640
Job_036,4,2668,3795,M4,3029,49,3078,-717,0,717
Job_031,5,2371,3825,M1,3035,28,3063,-762,0,762
Job_034,6,2550,3671,M8,3036,21,3057,-614,0,614
Job_037,4,2766,4306,M8,3057,64,3121,-1185,0,1185
Job_031,6,2371,3825,M6,3063,46,3109,-716,0,716
Job_040,0,3021,4641,M1,3063,91,3154,-1487,0,1487
Job_035,2,2552,4171,M3,3065,39,3104,-1067,0,1067
Job_034,7,2550,3671,M7,3072,49,3121,-550,0,550
Job_028,8,2165,3705,M4,3078,90,3168,-537,0,537
Job_036,5,2668,3795,M5,3078,11,3089,-706,0,706
Job_038,2,2880,4006,M2,3095,9,3104,-902,0,902
Job_035,3,2552,4171,M2,3104,74,3178,-993,0,993
Job_038,3,2880,4006,M3,3104,36,3140,-866,0,866
Job_031,7,2371,3825,M5,3109,46,3155,-670,0,670
Job_036,6,2668,3795,M6,3109,62,3171,-624,0,624
Job_024,9,1736,3150,M7,3121,25,3146,-4,0,4
Job_037,5,2766,4306,M9,3121,76,3197,-1109,0,1109
Job_032,3,2540,3954,M3,3140,95,3235,-719,0,719
Job_030,7,2316,4018,M7,3146,89,3235,-783,0,783
Job_040,1,3021,4641,M0,3154,85,3239,-1402,0,1402
Job_041,0,3072,4940,M1,3154,81,3235,-1705,0,1705
Job_021,9,1581,3201,M4,3168,33,3201,0,0,0
Job_035,4,2552,4171,M8,3178,90,3268,-903,0,903
Job_042,0,3108,4229,M2,3196,14,3210,-1019,0,1019
Job_037,6,2766,4306,M5,3197,47,3244,-1062,0,1062
Job_034,8,2550,3671,M9,3199,72,3271,-400,0,400
Job_027,8,2134,3836,M4,3201,26,3227,-609,0,609
Job_043,0,3176,4590,M2,3210,84,3294,-1296,0,1296
Job_038,4,2880,4006,M4,3227,49,3276,-730,0,730
Job_036,7,2668,3795,M7,3235,56,3291,-504,0,504
Job_042,1,3108,4229,M0,3239,6,3245,-984,0,984
Job_040,2,3021,4641,M3,3240,39,3279,-1362,0,1362
Job_042,2,3108,4229,M1,3245,22,3267,-962,0,962
Job_044,0,3213,4400,M1,3267,46,3313,-1087,0,1087
Job_032,4,2540,3954,M8,3268,48,3316,-638,0,638
Job_030,8,2316,4018,M4,3276,26,3302,-716,0,716
Job_038,5,2880,4006,M5,3276,11,3287,-719,0,719
Job_037,7,2766,4306,M3,3279,52,3331,-975,0,975
Job_038,6,2880,4006,M6,3287,62,3349,-657,0,657
Job_042,3,3108,4229,M5,3287,61,3348,-881,0,881
Job_031,8,2371,3825,M7,3291,72,3363,-462,0,462
Job_040,3,3021,4641,M2,3294,74,3368,-1273,0,1273
Job_039,2,2961,4415,M4,3302,75,3377,-1038,0,1038
Job_043,1,3176,4590,M1,3313,2,3315,-1275,0,1275
Job_044,1,3213,4400,M0,3313,37,3350,-1050,0,1050
Job_032,5,2540,3954,M9,3316,72,3388,-566,0,566
Job_036,8,2668,3795,M8,3316,44,3360,-435,0,435
Job_035,5,2552,4171,M5,3348,10,3358,-813,0,813
Job_042,4,3108,4229,M3,3348,26,3374,-855,0,855
Job_043,2,3176,4590,M5,3358,52,3410,-1180,0,1180
Job_035,6,2552,4171,M7,3363,12,3375,-796,0,796
Job_040,4,3021,4641,M8,3368,90,3458,-1183,0,1183
Job_041,1,3072,4940,M2,3368,95,3463,-1477,0,1477
Job_035,7,2552,4171,M6,3375,89,3464,-707,0,707
Job_038,7,2880,4006,M7,3375,56,3431,-575,0,575
Job_026,9,1918,3455,M3,3376,79,3455,0,0,0
Job_042,5,3108,4229,M4,3377,69,3446,-783,0,783
Job_032,6,2540,3954,M0,3388,47,3435,-519,0,519
Job_039,3,2961,4415,M9,3388,11,3399,-1016,0,1016
Job_033,3,2544,4412,M4,3446,99,3545,-867,0,867
Job_039,4,2961,4415,M3,3455,69,3524,-891,0,891
Job_022,9,1632,3500,M5,3457,43,3500,0,0,0
Job_038,8,2880,4006,M8,3458,44,3502,-504,0,504
Job_041,2,3072,4940,M0,3463,71,3534,-1406,0,1406
Job_045,0,3358,4895,M2,3463,31,3494,-1401,0,1401
Job_032,7,2540,3954,M6,3464,65,3529,-425,0,425
Job_040,5,3021,4641,M5,3500,10,3510,-1131,0,1131
Job_042,6,3108,4229,M8,3502,21,3523,-706,0,706
Job_035,8,2552,4171,M9,3506,45,3551,-620,0,620
Job_040,6,3021,4641,M7,3510,12,3522,-1119,0,1119
Job_042,7,3108,4229,M7,3523,49,3572,-657,0,657
Job_039,5,2961,4415,M1,3524,28,3552,-863,0,863
Job_044,2,3213,4400,M3,3524,61,3585,-815,0,815
Job_040,7,3021,4641,M6,3529,89,3618,-1023,0,1023
Job_045,1,3358,4895,M0,3534,86,3620,-1275,0,1275
Job_032,8,2540,3954,M4,3545,6,3551,-403,0,403
Job_037,8,2766,4306,M4,3551,90,3641,-665,0,665
Job_042,8,3108,4229,M9,3572,72,3644,-585,0,585
Job_043,3,3176,4590,M3,3585,95,3680,-910,0,910
Job_044,3,3213,4400,M2,3585,13,3598,-802,0,802
Job_047,0,3605,5145,M1,3605,85,3690,-1455,0,1455
Job_034,9,2550,3671,M6,3618,53,3671,0,0,0
Job_046,0,3574,5276,M0,3620,76,3696,-1580,0,1580
Job_041,3,3072,4940,M4,3641,99,3740,-1200,0,1200
Job_040,8,3021,4641,M9,3644,45,3689,-952,0,952
Job_028,9,2165,3705,M7,3660,45,3705,0,0,0
Job_033,4,2544,4412,M6,3671,9,3680,-732,0,732
Job_039,6,2961,4415,M6,3680,46,3726,-689,0,689
Job_045,2,3358,4895,M1,3690,46,3736,-1159,0,1159
Job_047,1,3605,5145,M0,3696,13,3709,-1436,0,1436
Job_048,0,3707,5244,M2,3707,31,3738,-1506,0,1506
Job_027,9,2134,3836,M8,3721,74,3795,-41,0,41
Job_029,9,2267,3804,M3,3725,79,3804,0,0,0
Job_039,7,2961,4415,M5,3726,46,3772,-643,0,643
Job_044,4,3213,4400,M6,3726,32,3758,-642,0,642
Job_046,1,3574,5276,M1,3736,69,3805,-1471,0,1471
Job_047,2,3605,5145,M2,3738,61,3799,-1346,0,1346
Job_048,1,3707,5244,M0,3738,86,3824,-1420,0,1420
Job_041,4,3072,4940,M6,3758,9,3767,-1173,0,1173
Job_039,8,2961,4415,M7,3772,72,3844,-571,0,571
Job_044,5,3213,4400,M5,3772,21,3793,-607,0,607
Job_036,9,2668,3795,M9,3774,21,3795,0,0,0
Job_045,3,3358,4895,M5,3793,74,3867,-1028,0,1028
Job_031,9,2371,3825,M8,3795,30,3825,0,0,0
Job_044,6,3213,4400,M9,3795,32,3827,-573,0,573
Job_047,3,3605,5145,M6,3799,7,3806,-1339,0,1339
Job_046,2,3574,5276,M3,3805,76,3881,-1395,0,1395
Job_048,2,3707,5244,M1,3824,46,3870,-1374,0,1374
Job_050,0,3811,5265,M0,3824,43,3867,-1398,0,1398
Job_041,5,3072,4940,M8,3825,52,3877,-1063,0,1063
Job_045,4,3358,4895,M4,3867,32,3899,-996,0,996
Job_049,0,3756,5458,M0,3867,76,3943,-1515,0,1515
Job_050,1,3811,5265,M2,3867,90,3957,-1308,0,1308
Job_033,5,2544,4412,M8,3877,52,3929,-483,0,483
Job_046,3,3574,5276,M5,3881,51,3932,-1344,0,1344
Job_045,5,3358,4895,M6,3899,88,3987,-908,0,908
Job_032,9,2540,3954,M7,3929,25,3954,0,0,0
Job_048,3,3707,5244,M5,3932,74,4006,-1238,0,1238
Job_049,1,3756,5458,M1,3943,69,4012,-1446,0,1446
Job_030,9,2316,4018,M8,3944,74,4018,0,0,0
Job_033,6,2544,4412,M7,3954,85,4039,-373,0,373
Job_046,4,3574,5276,M2,3957,85,4042,-1234,0,1234
Job_038,9,2880,4006,M9,3985,21,4006,0,0,0
Job_048,4,3707,5244,M4,4006,32,4038,-1206,0,1206
Job_049,2,3756,5458,M3,4012,76,4088,-1370,0,1370
Job_054,0,3992,5611,M1,4012,91,4103,-1508,0,1508
Job_044,7,3213,4400,M8,4018,89,4107,-293,0,293
Job_048,5,3707,5244,M6,4038,88,4126,-1118,0,1118
Job_050,2,3811,5265,M4,4038,75,4113,-1152,0,1152
Job_046,5,3574,5276,M9,4042,11,4053,-1223,0,1223
Job_053,0,3990,5111,M2,4042,14,4056,-1055,0,1055
Job_051,0,3980,5394,M2,4056,84,4140,-1254,0,1254
Job_053,1,3990,5111,M0,4056,6,4062,-1049,0,1049
Job_033,7,2544,4412,M3,4088,98,4186,-226,0,226
Job_049,3,3756,5458,M5,4088,51,4139,-1319,0,1319
Job_053,2,3990,5111,M1,4103,22,4125,-986,0,986
Job_054,1,3992,5611,M0,4103,85,4188,-1423,0,1423
Job_044,8,3213,4400,M7,4107,30,4137,-263,0,263
Job_045,6,3358,4895,M8,4107,19,4126,-769,0,769
Job_050,3,3811,5265,M9,4113,11,4124,-1141,0,1141
Job_052,0,3984,5852,M1,4125,81,4206,-1646,0,1646
Job_046,6,3574,5276,M6,4126,40,4166,-1110,0,1110
Job_048,6,3707,5244,M8,4126,19,4145,-1099,0,1099
Job_041,6,3072,4940,M7,4137,85,4222,-718,0,718
Job_035,9,2552,4171,M4,4138,33,4171,0,0,0
Job_053,3,3990,5111,M5,4139,61,4200,-911,0,911
Job_049,4,3756,5458,M2,4140,85,4225,-1233,0,1233
Job_047,4,3605,5145,M8,4145,64,4209,-936,0,936
Job_048,7,3707,5244,M9,4145,48,4193,-1051,0,1051
Job_042,9,3108,4229,M6,4176,53,4229,0,0,0
Job_054,2,3992,5611,M3,4188,39,4227,-1384,0,1384
Job_055,0,4108,5235,M0,4188,29,4217,-1018,0,1018
Job_033,8,2544,4412,M9,4193,22,4215,-197,0,197
Job_051,1,3980,5394,M1,4206,2,4208,-1186,0,1186
Job_051,2,3980,5394,M5,4208,52,4260,-1134,0,1134
Job_056,0,4206,5746,M1,4208,85,4293,-1453,0,1453
Job_043,4,3176,4590,M8,4209,48,4257,-333,0,333
Job_048,8,3707,5244,M7,4222,36,4258,-986,0,986
Job_049,5,3756,5458,M9,4225,11,4236,-1222,0,1222
Job_052,1,3984,5852,M2,4225,95,4320,-1532,0,1532
Job_053,4,3990,5111,M3,4227,26,4253,-858,0,858
Job_047,5,3605,5145,M9,4236,76,4312,-833,0,833
Job_049,6,3756,5458,M6,4236,40,4276,-1182,0,1182
Job_050,4,3811,5265,M3,4253,69,4322,-943,0,943
Job_053,5,3990,5111,M4,4253,69,4322,-789,0,789
Job_037,9,2766,4306,M7,4261,45,4306,0,0,0
Job_055,1,4108,5235,M1,4293,78,4371,-864,0,864
Job_056,1,4206,5746,M0,4293,13,4306,-1440,0,1440
Job_046,7,3574,5276,M7,4306,89,4395,-881,0,881
Job_043,5,3176,4590,M9,4312,72,4384,-206,0,206
Job_047,6,3605,5145,M5,4312,47,4359,-786,0,786
Job_052,2,3984,5852,M0,4320,71,4391,-1461,0,1461
Job_056,2,4206,5746,M2,4320,61,4381,-1365,0,1365
Job_051,3,3980,5394,M3,4322,95,4417,-977,0,977
Job_053,6,3990,5111,M8,4322,21,4343,-768,0,768
Job_044,9,3213,4400,M4,4345,55,4400,0,0,0
Job_033,9,2544,4412,M5,4369,43,4412,0,0,0
Job_050,5,3811,5265,M1,4371,28,4399,-866,0,866
Job_055,2,4108,5235,M2,4381,9,4390,-845,0,845
Job_056,3,4206,5746,M6,4381,7,4388,-1358,0,1358
Job_045,7,3358,4895,M9,4384,48,4432,-463,0,463
Job_039,9,2961,4415,M8,4385,30,4415,0,0,0
Job_054,3,3992,5611,M2,4390,74,4464,-1147,0,1147
Job_043,6,3176,4590,M0,4391,47,4438,-152,0,152
Job_049,7,3756,5458,M7,4395,89,4484,-974,0,974
Job_050,6,3811,5265,M6,4399,46,4445,-820,0,820
Job_046,8,3574,5276,M4,4400,26,4426,-850,0,850
Job_051,4,3980,5394,M8,4417,48,4465,-929,0,929
Job_055,3,4108,5235,M3,4417,36,4453,-782,0,782
Job_058,0,4401,5855,M0,4438,43,4481,-1374,0,1374
Job_043,7,3176,4590,M6,4445,65,4510,-80,0,80
Job_050,7,3811,5265,M5,4445,46,4491,-774,0,774
Job_047,7,3605,5145,M3,4453,52,4505,-640,0,640
Job_055,4,4108,5235,M4,4453,49,4502,-733,0,733
Job_059,0,4461,6081,M1,4461,91,4552,-1529,0,1529
Job_051,5,3980,5394,M9,4465,72,4537,-857,0,857
Job_056,4,4206,5746,M8,4465,64,4529,-1217,0,1217
Job_057,0,4320,5446,M0,4481,29,4510,-936,0,936
Job_058,1,4401,5855,M2,4481,90,4571,-1284,0,1284
Job_053,7,3990,5111,M7,4484,49,4533,-578,0,578
Job_055,5,4108,5235,M5,4502,11,4513,-722,0,722
Job_041,7,3072,4940,M3,4505,98,4603,-337,0,337
Job_043,8,3176,4590,M4,4510,6,4516,-74,0,74
Job_055,6,4108,5235,M6,4513,62,4575,-660,0,660
Job_047,8,3605,5145,M4,4516,90,4606,-539,0,539
Job_054,4,3992,5611,M8,4529,90,4619,-992,0,992
Job_051,6,3980,5394,M0,4537,47,4584,-810,0,810
Job_056,5,4206,5746,M9,4537,76,4613,-1133,0,1133
Job_057,1,4320,5446,M1,4552,78,4630,-816,0,816
Job_043,9,3176,4590,M7,4565,25,4590,0,0,0
Job_061,0,4548,5669,M2,4571,14,4585,-1084,0,1084
Job_051,7,3980,5394,M6,4584,65,4649,-745,0,745
Job_061,1,4548,5669,M0,4585,6,4591,-1078,0,1078
Job_055,7,4108,5235,M7,4590,56,4646,-589,0,589
Job_059,1,4461,6081,M0,4591,85,4676,-1405,0,1405
Job_040,9,3021,4641,M4,4608,33,4641,0,0,0
Job_053,8,3990,5111,M9,4613,72,4685,-426,0,426
Job_056,6,4206,5746,M5,4613,47,4660,-1086,0,1086
Job_057,2,4320,5446,M2,4630,9,4639,-807,0,807
Job_061,2,4548,5669,M1,4630,22,4652,-1017,0,1017
Job_062,0,4616,6030,M2,4639,84,4723,-1307,0,1307
Job_049,8,3756,5458,M4,4641,26,4667,-791,0,791
Job_050,8,3811,5265,M7,4646,72,4718,-547,0,547
Job_055,8,4108,5235,M8,4646,44,4690,-545,0,545
Job_063,0,4653,5840,M1,4653,46,4699,-1141,0,1141
Job_054,5,3992,5611,M5,4660,10,4670,-941,0,941
Job_056,7,4206,5746,M3,4660,52,4712,-1034,0,1034
Job_051,8,3980,5394,M4,4667,6,4673,-721,0,721
Job_061,3,4548,5669,M5,4670,61,4731,-938,0,938
Job_052,3,3984,5852,M4,4673,99,4772,-1080,0,1080
Job_041,8,3072,4940,M9,4685,22,4707,-233,0,233
Job_060,0,4512,6380,M1,4699,81,4780,-1600,0,1600
Job_063,1,4653,5840,M0,4699,37,4736,-1104,0,1104
Job_057,3,4320,5446,M3,4712,36,4748,-698,0,698
Job_054,6,3992,5611,M7,4718,12,4730,-881,0,881
Job_045,8,3358,4895,M7,4730,36,4766,-129,0,129
Job_054,7,3992,5611,M6,4730,89,4819,-792,0,792
Job_063,2,4653,5840,M3,4748,61,4809,-1031,0,1031
Job_056,8,4206,5746,M4,4772,90,4862,-884,0,884
Job_062,1,4616,6030,M1,4780,2,4782,-1248,0,1248
Job_062,2,4616,6030,M5,4782,52,4834,-1196,0,1196
Job_064,0,4798,6335,M2,4798,31,4829,-1506,0,1506
Job_045,9,3358,4895,M3,4816,79,4895,0,0,0
Job_052,4,3984,5852,M6,4819,9,4828,-1024,0,1024
Job_054,8,3992,5611,M9,4819,45,4864,-747,0,747
Job_052,5,3984,5852,M8,4828,52,4880,-972,0,972
Job_063,3,4653,5840,M2,4829,13,4842,-998,0,998
Job_064,1,4798,6335,M0,4829,86,4915,-1420,0,1420
Job_060,1,4512,6380,M2,4842,95,4937,-1443,0,1443
Job_063,4,4653,5840,M6,4842,32,4874,-966,0,966
Job_057,4,4320,5446,M4,4862,49,4911,-535,0,535
Job_063,5,4653,5840,M5,4874,21,4895,-945,0,945
Job_052,6,3984,5852,M7,4880,85,4965,-887,0,887
Job_061,4,4548,5669,M3,4895,26,4921,-748,0,748
Job_063,6,4653,5840,M9,4895,32,4927,-913,0,913
Job_041,9,3072,4940,M5,4897,43,4940,0,0,0
Job_058,2,4401,5855,M4,4911,75,4986,-869,0,869
Job_064,2,4798,6335,M1,4915,46,4961,-1374,0,1374
Job_059,2,4461,6081,M3,4921,39,4960,-1121,0,1121
Job_063,7,4653,5840,M8,4927,89,5016,-824,0,824
Job_060,2,4512,6380,M0,4937,71,5008,-1372,0,1372
Job_057,5,4320,5446,M5,4940,11,4951,-495,0,495
Job_057,6,4320,5446,M6,4951,62,5013,-433,0,433
Job_059,3,4461,6081,M2,4960,74,5034,-1047,0,1047
Job_064,3,4798,6335,M5,4961,74,5035,-1300,0,1300
Job_052,7,3984,5852,M3,4965,98,5063,-789,0,789
Job_058,3,4401,5855,M9,4986,11,4997,-858,0,858
Job_061,5,4548,5669,M4,4986,69,5055,-614,0,614
Job_057,7,4320,5446,M7,5013,56,5069,-377,0,377
Job_065,0,5014,6716,M0,5014,76,5090,-1626,0,1626
Job_059,4,4461,6081,M8,5034,90,5124,-957,0,957
Job_066,0,5045,6585,M1,5045,85,5130,-1455,0,1455
Job_060,3,4512,6380,M4,5055,99,5154,-1226,0,1226
Job_053,9,3990,5111,M6,5058,53,5111,0,0,0
Job_052,8,3984,5852,M9,5063,22,5085,-767,0,767
Job_058,4,4401,5855,M3,5063,69,5132,-723,0,723
Job_063,8,4653,5840,M7,5069,30,5099,-741,0,741
Job_047,9,3605,5145,M7,5100,45,5145,0,0,0
Job_059,5,4461,6081,M5,5124,10,5134,-947,0,947
Job_061,6,4548,5669,M8,5124,21,5145,-524,0,524
Job_065,1,5014,6716,M1,5130,69,5199,-1517,0,1517
Job_066,1,5045,6585,M0,5130,13,5143,-1442,0,1442
Job_066,2,5045,6585,M2,5143,61,5204,-1381,0,1381
Job_061,7,4548,5669,M7,5145,49,5194,-475,0,475
Job_060,4,4512,6380,M6,5154,9,5163,-1217,0,1217
Job_064,4,4798,6335,M4,5154,32,5186,-1149,0,1149
Job_046,9,3574,5276,M8,5161,74,5235,-41,0,41
Job_048,9,3707,5244,M3,5165,79,5244,0,0,0
Job_059,6,4461,6081,M7,5194,12,5206,-875,0,875
Job_068,0,5196,6898,M0,5196,76,5272,-1626,0,1626
Job_058,5,4401,5855,M1,5199,28,5227,-628,0,628
Job_067,0,5147,6684,M2,5204,31,5235,-1449,0,1449
Job_059,7,4461,6081,M6,5206,89,5295,-786,0,786
Job_055,9,4108,5235,M9,5214,21,5235,0,0,0
Job_050,9,3811,5265,M8,5235,30,5265,0,0,0
Job_061,8,4548,5669,M9,5235,72,5307,-362,0,362
Job_062,3,4616,6030,M3,5244,95,5339,-691,0,691
Job_057,8,4320,5446,M8,5265,44,5309,-137,0,137
Job_067,1,5147,6684,M0,5272,86,5358,-1326,0,1326
Job_068,1,5196,6898,M1,5272,69,5341,-1557,0,1557
Job_058,6,4401,5855,M6,5295,46,5341,-514,0,514
Job_059,8,4461,6081,M9,5307,45,5352,-729,0,729
Job_060,5,4512,6380,M8,5309,52,5361,-1019,0,1019
Job_065,2,5014,6716,M3,5339,76,5415,-1301,0,1301
Job_058,7,4401,5855,M5,5341,46,5387,-468,0,468
Job_066,3,5045,6585,M6,5341,7,5348,-1237,0,1237
Job_064,5,4798,6335,M6,5348,88,5436,-899,0,899
Job_067,2,5147,6684,M1,5358,46,5404,-1280,0,1280
Job_069,0,5251,6705,M0,5358,43,5401,-1304,0,1304
Job_051,9,3980,5394,M7,5369,25,5394,0,0,0
Job_049,9,3756,5458,M8,5384,74,5458,0,0,0
Job_058,8,4401,5855,M7,5394,72,5466,-389,0,389
Job_069,1,5251,6705,M2,5401,90,5491,-1214,0,1214
Job_067,3,5147,6684,M5,5404,74,5478,-1206,0,1206
Job_068,2,5196,6898,M3,5415,76,5491,-1407,0,1407
Job_071,0,5424,7292,M1,5424,81,5505,-1787,0,1787
Job_057,9,4320,5446,M9,5425,21,5446,0,0,0
Job_062,4,4616,6030,M8,5458,48,5506,-524,0,524
Job_060,6,4512,6380,M7,5466,85,5551,-829,0,829
Job_065,3,5014,6716,M5,5478,51,5529,-1187,0,1187
Job_067,4,5147,6684,M4,5478,32,5510,-1174,0,1174
Job_072,0,5430,6551,M2,5491,14,5505,-1046,0,1046
Job_071,1,5424,7292,M2,5505,95,5600,-1692,0,1692
Job_072,1,5430,6551,M0,5505,6,5511,-1040,0,1040
Job_073,0,5432,7051,M1,5505,91,5596,-1455,0,1455
Job_062,5,4616,6030,M9,5506,72,5578,-452,0,452
Job_066,4,5045,6585,M8,5506,64,5570,-1015,0,1015
Job_067,5,5147,6684,M6,5510,88,5598,-1086,0,1086
Job_068,3,5196,6898,M5,5529,51,5580,-1318,0,1318
Job_074,0,5548,6675,M0,5548,29,5577,-1098,0,1098
Job_060,7,4512,6380,M3,5551,98,5649,-731,0,731
Job_064,6,4798,6335,M8,5570,19,5589,-746,0,746
Job_054,9,3992,5611,M4,5578,33,5611,0,0,0
Job_066,5,5045,6585,M9,5578,76,5654,-931,0,931
Job_074,1,5548,6675,M1,5596,78,5674,-1001,0,1001
Job_067,6,5147,6684,M8,5598,19,5617,-1067,0,1067
Job_070,0,5420,6834,M2,5600,84,5684,-1150,0,1150
Job_071,2,5424,7292,M0,5600,71,5671,-1621,0,1621
Job_061,9,4548,5669,M6,5616,53,5669,0,0,0
Job_064,7,4798,6335,M9,5654,48,5702,-633,0,633
Job_066,6,5045,6585,M5,5654,47,5701,-884,0,884
Job_071,3,5424,7292,M4,5671,99,5770,-1522,0,1522
Job_073,1,5432,7051,M0,5671,85,5756,-1295,0,1295
Job_072,2,5430,6551,M1,5674,22,5696,-855,0,855
Job_074,2,5548,6675,M2,5684,9,5693,-982,0,982
Job_065,4,5014,6716,M2,5693,85,5778,-938,0,938
Job_074,3,5548,6675,M3,5693,36,5729,-946,0,946
Job_070,1,5420,6834,M1,5696,2,5698,-1136,0,1136
Job_075,0,5646,7186,M1,5698,85,5783,-1403,0,1403
Job_056,9,4206,5746,M7,5701,45,5746,0,0,0
Job_072,3,5430,6551,M5,5701,61,5762,-789,0,789
Job_060,8,4512,6380,M9,5702,22,5724,-656,0,656
Job_067,7,5147,6684,M9,5724,48,5772,-912,0,912
Job_066,7,5045,6585,M3,5729,52,5781,-804,0,804
Job_064,8,4798,6335,M7,5746,36,5782,-553,0,553
Job_071,4,5424,7292,M6,5770,9,5779,-1513,0,1513
Job_065,5,5014,6716,M9,5778,11,5789,-927,0,927
Job_068,4,5196,6898,M2,5778,85,5863,-1035,0,1035
Job_072,4,5430,6551,M3,5781,26,5807,-744,0,744
Job_067,8,5147,6684,M7,5782,36,5818,-866,0,866
Job_075,1,5646,7186,M0,5783,13,5796,-1390,0,1390
Job_063,9,4653,5840,M4,5785,55,5840,0,0,0
Job_065,6,5014,6716,M6,5789,40,5829,-887,0,887
Job_062,6,4616,6030,M0,5796,47,5843,-187,0,187
Job_073,2,5432,7051,M3,5807,39,5846,-1205,0,1205
Job_052,9,3984,5852,M5,5809,43,5852,0,0,0
Job_058,9,4401,5855,M8,5825,30,5855,0,0,0
Job_065,7,5014,6716,M7,5832,89,5921,-795,0,795
Job_069,2,5251,6705,M4,5840,75,5915,-790,0,790
Job_077,0,5841,7295,M0,5843,43,5886,-1409,0,1409
Job_070,2,5420,6834,M5,5852,52,5904,-930,0,930
Job_071,5,5424,7292,M8,5855,52,5907,-1385,0,1385
Job_068,5,5196,6898,M9,5863,11,5874,-1024,0,1024
Job_073,3,5432,7051,M2,5863,74,5937,-1114,0,1114
Job_068,6,5196,6898,M6,5874,40,5914,-984,0,984
Job_076,0,5760,6886,M0,5886,29,5915,-971,0,971
Job_078,0,5901,7521,M1,5901,91,5992,-1529,0,1529
Job_070,3,5420,6834,M3,5904,95,5999,-835,0,835
Job_062,7,4616,6030,M6,5914,65,5979,-51,0,51
Job_072,5,5430,6551,M4,5915,69,5984,-567,0,567
Job_069,3,5251,6705,M9,5921,11,5932,-773,0,773
Job_073,4,5432,7051,M8,5937,90,6027,-1024,0,1024
Job_075,2,5646,7186,M2,5937,61,5998,-1188,0,1188
Job_062,8,4616,6030,M4,5984,6,5990,-40,0,40
Job_074,4,5548,6675,M4,5990,49,6039,-636,0,636
Job_078,1,5901,7521,M0,5992,85,6077,-1444,0,1444
Job_075,3,5646,7186,M6,5998,7,6005,-1181,0,1181
Job_077,1,5841,7295,M2,5998,90,6088,-1207,0,1207
Job_069,4,5251,6705,M3,5999,69,6068,-637,0,637
Job_062,9,4616,6030,M7,6005,25,6030,0,0,0
Job_072,6,5430,6551,M8,6027,21,6048,-503,0,503
Job_073,5,5432,7051,M5,6027,10,6037,-1014,0,1014
Job_068,7,5196,6898,M7,6030,89,6119,-779,0,779
Job_074,5,5548,6675,M5,6039,11,6050,-625,0,625
Job_059,9,4461,6081,M4,6048,33,6081,0,0,0
Job_070,4,5420,6834,M8,6048,48,6096,-738,0,738
Job_074,6,5548,6675,M6,6050,62,6112,-563,0,563
Job_069,5,5251,6705,M1,6068,28,6096,-609,0,609
Job_078,2,5901,7521,M3,6077,39,6116,-1405,0,1405
Job_066,8,5045,6585,M4,6081,90,6171,-414,0,414
Job_080,0,5988,7109,M2,6088,14,6102,-1007,0,1007
Job_070,5,5420,6834,M9,6096,72,6168,-666,0,666
Job_075,4,5646,7186,M8,6096,64,6160,-1026,0,1026
Job_079,0,5952,7820,M1,6096,81,6177,-1643,0,1643
Job_080,1,5988,7109,M0,6102,6,6108,-1001,0,1001
Job_081,0,6056,7470,M2,6102,84,6186,-1284,0,1284
Job_069,6,5251,6705,M6,6112,46,6158,-547,0,547
Job_072,7,5430,6551,M7,6119,49,6168,-383,0,383
Job_069,7,5251,6705,M5,6158,46,6204,-501,0,501
Job_070,6,5420,6834,M0,6168,47,6215,-619,0,619
Job_072,8,5430,6551,M9,6168,72,6240,-311,0,311
Job_074,7,5548,6675,M7,6168,56,6224,-451,0,451
Job_065,8,5014,6716,M4,6171,26,6197,-519,0,519
Job_080,2,5988,7109,M1,6177,22,6199,-910,0,910
Job_078,3,5901,7521,M2,6186,74,6260,-1261,0,1261
Job_068,8,5196,6898,M4,6197,26,6223,-675,0,675
Job_081,1,6056,7470,M1,6199,2,6201,-1269,0,1269
Job_076,1,5760,6886,M1,6201,78,6279,-607,0,607
Job_080,3,5988,7109,M5,6204,61,6265,-844,0,844
Job_070,7,5420,6834,M6,6215,65,6280,-554,0,554
Job_069,8,5251,6705,M7,6224,72,6296,-409,0,409
Job_074,8,5548,6675,M8,6224,44,6268,-407,0,407
Job_075,5,5646,7186,M9,6240,76,6316,-870,0,870
Job_064,9,4798,6335,M3,6256,79,6335,0,0,0
Job_083,0,6238,7775,M2,6260,31,6291,-1484,0,1484
Job_081,2,6056,7470,M5,6265,52,6317,-1153,0,1153
Job_078,4,5901,7521,M8,6268,90,6358,-1163,0,1163
Job_082,0,6093,7280,M1,6279,46,6325,-955,0,955
Job_070,8,5420,6834,M4,6280,6,6286,-548,0,548
Job_077,2,5841,7295,M4,6286,75,6361,-934,0,934
Job_076,2,5760,6886,M2,6291,9,6300,-586,0,586
Job_083,1,6238,7775,M0,6291,86,6377,-1398,0,1398
Job_073,6,5432,7051,M7,6296,12,6308,-743,0,743
Job_079,1,5952,7820,M2,6300,95,6395,-1425,0,1425
Job_071,6,5424,7292,M7,6308,85,6393,-899,0,899
Job_073,7,5432,7051,M6,6308,89,6397,-654,0,654
Job_076,3,5760,6886,M3,6335,36,6371,-515,0,515
Job_060,9,4512,6380,M5,6337,43,6380,0,0,0
Job_077,3,5841,7295,M9,6361,11,6372,-923,0,923
Job_076,4,5760,6886,M4,6371,49,6420,-466,0,466
Job_083,2,6238,7775,M1,6377,46,6423,-1352,0,1352
Job_075,6,5646,7186,M5,6380,47,6427,-759,0,759
Job_071,7,5424,7292,M3,6393,98,6491,-801,0,801
Job_079,2,5952,7820,M0,6395,71,6466,-1354,0,1354
Job_073,8,5432,7051,M9,6397,45,6442,-609,0,609
Job_078,5,5901,7521,M5,6427,10,6437,-1084,0,1084
Job_076,5,5760,6886,M5,6437,11,6448,-438,0,438
Job_078,6,5901,7521,M7,6448,12,6460,-1061,0,1061
Job_083,3,6238,7775,M5,6448,74,6522,-1253,0,1253
Job_084,0,6454,8156,M0,6466,76,6542,-1614,0,1614
Job_085,0,6485,8025,M1,6485,85,6570,-1455,0,1455
Job_071,8,5424,7292,M9,6491,22,6513,-779,0,779
Job_075,7,5646,7186,M3,6491,52,6543,-643,0,643
Job_072,9,5430,6551,M6,6498,53,6551,0,0,0
Job_066,9,5045,6585,M7,6540,45,6585,0,0,0
Job_075,8,5646,7186,M4,6543,90,6633,-553,0,553
Job_080,4,5988,7109,M3,6543,26,6569,-540,0,540
Job_076,6,5760,6886,M6,6551,62,6613,-273,0,273
Job_084,1,6454,8156,M1,6570,69,6639,-1517,0,1517
Job_085,1,6485,8025,M0,6570,13,6583,-1442,0,1442
Job_082,1,6093,7280,M0,6583,37,6620,-660,0,660
Job_085,2,6485,8025,M2,6583,61,6644,-1381,0,1381
Job_065,9,5014,6716,M8,6601,74,6675,-41,0,41
Job_067,9,5147,6684,M3,6605,79,6684,0,0,0
Job_076,7,5760,6886,M7,6613,56,6669,-217,0,217
Job_078,7,5901,7521,M6,6613,89,6702,-819,0,819
Job_080,5,5988,7109,M4,6633,69,6702,-407,0,407
Job_087,0,6636,8338,M0,6636,76,6712,-1626,0,1626
Job_086,0,6587,8124,M2,6644,31,6675,-1449,0,1449
Job_074,9,5548,6675,M9,6654,21,6675,0,0,0
Job_069,9,5251,6705,M8,6675,30,6705,0,0,0
Job_077,4,5841,7295,M3,6684,69,6753,-542,0,542
Job_078,8,5901,7521,M9,6702,45,6747,-774,0,774
Job_079,3,5952,7820,M4,6702,99,6801,-1019,0,1019
Job_085,3,6485,8025,M6,6702,7,6709,-1316,0,1316
Job_080,6,5988,7109,M8,6705,21,6726,-383,0,383
Job_088,0,6691,8145,M0,6712,43,6755,-1390,0,1390
Job_076,8,5760,6886,M8,6726,44,6770,-116,0,116
Job_080,7,5988,7109,M7,6726,49,6775,-334,0,334
Job_077,5,5841,7295,M1,6753,28,6781,-514,0,514
Job_082,2,6093,7280,M3,6753,61,6814,-466,0,466
Job_086,1,6587,8124,M0,6755,86,6841,-1283,0,1283
Job_088,1,6691,8145,M2,6755,90,6845,-1300,0,1300
Job_080,8,5988,7109,M9,6775,72,6847,-262,0,262
Job_077,6,5841,7295,M6,6781,46,6827,-468,0,468
Job_087,1,6636,8338,M1,6781,69,6850,-1488,0,1488
Job_083,4,6238,7775,M4,6801,32,6833,-942,0,942
Job_070,9,5420,6834,M7,6809,25,6834,0,0,0
Job_081,3,6056,7470,M3,6814,95,6909,-561,0,561
Job_068,9,5196,6898,M8,6824,74,6898,0,0,0
Job_077,7,5841,7295,M5,6827,46,6873,-422,0,422
Job_079,4,5952,7820,M6,6827,9,6836,-984,0,984
Job_083,5,6238,7775,M6,6836,88,6924,-851,0,851
Job_082,3,6093,7280,M2,6845,13,6858,-422,0,422
Job_088,2,6691,8145,M4,6845,75,6920,-1225,0,1225
Job_089,0,6860,8274,M2,6860,84,6944,-1330,0,1330
Job_090,0,6864,8732,M1,6864,81,6945,-1787,0,1787
Job_076,9,5760,6886,M9,6865,21,6886,0,0,0
Job_077,8,5841,7295,M7,6873,72,6945,-350,0,350
Job_079,5,5952,7820,M8,6898,52,6950,-870,0,870
Job_084,2,6454,8156,M3,6909,76,6985,-1171,0,1171
Job_088,3,6691,8145,M9,6920,11,6931,-1214,0,1214
Job_082,4,6093,7280,M6,6924,32,6956,-324,0,324
Job_090,1,6864,8732,M2,6945,95,7040,-1692,0,1692
Job_092,0,6872,8491,M1,6945,91,7036,-1455,0,1455
Job_079,6,5952,7820,M7,6950,85,7035,-785,0,785
Job_081,4,6056,7470,M8,6950,48,6998,-472,0,472
Job_082,5,6093,7280,M5,6956,21,6977,-303,0,303
Job_082,6,6093,7280,M9,6977,32,7009,-271,0,271
Job_084,3,6454,8156,M5,6985,51,7036,-1120,0,1120
Job_087,2,6636,8338,M3,6985,76,7061,-1277,0,1277
Job_093,0,6988,8115,M0,6988,29,7017,-1098,0,1098
Job_081,5,6056,7470,M9,7009,72,7081,-389,0,389
Job_082,7,6093,7280,M8,7009,89,7098,-182,0,182
Job_073,9,5432,7051,M4,7018,33,7051,0,0,0
Job_089,1,6860,8274,M1,7036,2,7038,-1236,0,1236
Job_086,2,6587,8124,M1,7038,46,7084,-1040,0,1040
Job_089,2,6860,8274,M5,7038,52,7090,-1184,0,1184
Job_084,4,6454,8156,M2,7040,85,7125,-1031,0,1031
Job_090,2,6864,8732,M0,7040,71,7111,-1621,0,1621
Job_080,9,5988,7109,M6,7056,53,7109,0,0,0
Job_079,7,5952,7820,M3,7061,98,7159,-661,0,661
Job_094,0,7086,8626,M1,7086,85,7171,-1455,0,1455
Job_087,3,6636,8338,M5,7090,51,7141,-1197,0,1197
Job_085,4,6485,8025,M8,7098,64,7162,-863,0,863
Job_082,8,6093,7280,M7,7099,30,7129,-151,0,151
Job_090,3,6864,8732,M4,7111,99,7210,-1522,0,1522
Job_092,1,6872,8491,M0,7111,85,7196,-1295,0,1295
Job_091,0,6870,7991,M2,7125,14,7139,-852,0,852
Job_084,5,6454,8156,M9,7139,11,7150,-1006,0,1006
Job_075,9,5646,7186,M7,7141,45,7186,0,0,0
Job_086,3,6587,8124,M5,7141,74,7215,-909,0,909
Job_087,4,6636,8338,M2,7141,85,7226,-1112,0,1112
Job_084,6,6454,8156,M6,7150,40,7190,-966,0,966
Job_088,4,6691,8145,M3,7159,69,7228,-917,0,917
Job_083,6,6238,7775,M8,7162,19,7181,-594,0,594
Job_085,5,6485,8025,M9,7162,76,7238,-787,0,787
Job_093,1,6988,8115,M1,7171,78,7249,-866,0,866
Job_084,7,6454,8156,M7,7190,89,7279,-877,0,877
Job_094,1,7086,8626,M0,7196,13,7209,-1417,0,1417
Job_081,6,6056,7470,M0,7209,47,7256,-214,0,214
Job_090,4,6864,8732,M6,7210,9,7219,-1513,0,1513
Job_082,9,6093,7280,M4,7225,55,7280,0,0,0
Job_094,2,7086,8626,M2,7226,61,7287,-1339,0,1339
Job_092,2,6872,8491,M3,7228,39,7267,-1224,0,1224
Job_087,5,6636,8338,M9,7238,11,7249,-1089,0,1089
Job_071,9,5424,7292,M5,7249,43,7292,0,0,0
Job_083,7,6238,7775,M9,7249,48,7297,-478,0,478
Job_088,5,6691,8145,M1,7249,28,7277,-868,0,868
Job_081,7,6056,7470,M6,7256,65,7321,-149,0,149
Job_091,1,6870,7991,M0,7256,6,7262,-729,0,729
Job_077,9,5841,7295,M8,7265,30,7295,0,0,0
Job_089,3,6860,8274,M3,7267,95,7362,-912,0,912
Job_091,2,6870,7991,M1,7277,22,7299,-692,0,692
Job_084,8,6454,8156,M4,7280,26,7306,-850,0,850
Job_092,3,6872,8491,M2,7287,74,7361,-1130,0,1130
Job_085,6,6485,8025,M5,7292,47,7339,-686,0,686
Job_090,5,6864,8732,M8,7295,52,7347,-1385,0,1385
Job_083,8,6238,7775,M7,7297,36,7333,-442,0,442
Job_081,8,6056,7470,M4,7321,6,7327,-143,0,143
Job_094,3,7086,8626,M6,7321,7,7328,-1298,0,1298
Job_087,6,6636,8338,M6,7338,40,7378,-960,0,960
Job_091,3,6870,7991,M5,7339,61,7400,-591,0,591
Job_090,6,6864,8732,M7,7347,85,7432,-1300,0,1300
Job_094,4,7086,8626,M8,7347,64,7411,-1215,0,1215
Job_093,2,6988,8115,M2,7366,9,7375,-740,0,740
Job_079,8,5952,7820,M9,7369,22,7391,-429,0,429
Job_088,6,6691,8145,M6,7394,46,7440,-705,0,705
Job_091,4,6870,7991,M3,7400,26,7426,-565,0,565
Job_092,4,6872,8491,M8,7411,90,7501,-990,0,990
Job_094,5,7086,8626,M9,7411,76,7487,-1139,0,1139
Job_090,7,6864,8732,M3,7432,98,7530,-1202,0,1202
Job_088,7,6691,8145,M5,7440,46,7486,-659,0,659
Job_081,9,6056,7470,M7,7445,25,7470,0,0,0
Job_078,9,5901,7521,M4,7488,33,7521,0,0,0
Job_089,4,6860,8274,M8,7501,48,7549,-725,0,725
Job_092,5,6872,8491,M5,7501,10,7511,-980,0,980
Job_094,6,7086,8626,M5,7511,47,7558,-1068,0,1068
Job_091,5,6870,7991,M4,7521,69,7590,-401,0,401
Job_090,8,6864,8732,M9,7530,22,7552,-1180,0,1180
Job_092,6,6872,8491,M7,7530,12,7542,-949,0,949
Job_093,3,6988,8115,M3,7530,36,7566,-549,0,549
Job_088,8,6691,8145,M7,7542,72,7614,-531,0,531
Job_092,7,6872,8491,M6,7542,89,7631,-860,0,860
Job_089,5,6860,8274,M9,7552,72,7624,-650,0,650
Job_085,7,6485,8025,M3,7566,52,7618,-407,0,407
Job_086,4,6587,8124,M4,7590,32,7622,-502,0,502
Job_091,6,6870,7991,M8,7590,21,7611,-380,0,380
Job_087,7,6636,8338,M7,7614,89,7703,-635,0,635
Job_094,7,7086,8626,M3,7618,52,7670,-956,0,956
Job_093,4,6988,8115,M4,7622,49,7671,-444,0,444
Job_089,6,6860,8274,M0,7624,47,7671,-603,0,603
Job_086,5,6587,8124,M6,7631,88,7719,-405,0,405
Job_092,8,6872,8491,M9,7631,45,7676,-815,0,815
Job_085,8,6485,8025,M4,7671,90,7761,-264,0,264
Job_093,5,6988,8115,M5,7671,11,7682,-433,0,433
Job_083,9,6238,7775,M3,7696,79,7775,0,0,0
Job_091,7,6870,7991,M7,7703,49,7752,-239,0,239
Job_093,6,6988,8115,M6,7719,62,7781,-334,0,334
Job_086,6,6587,8124,M8,7748,19,7767,-357,0,357
Job_087,8,6636,8338,M4,7761,26,7787,-551,0,551
Job_086,7,6587,8124,M9,7767,48,7815,-309,0,309
Job_079,9,5952,7820,M5,7777,43,7820,0,0,0
Job_089,7,6860,8274,M6,7781,65,7846,-428,0,428
Job_093,7,6988,8115,M7,7781,56,7837,-278,0,278
Job_091,8,6870,7991,M9,7815,72,7887,-104,0,104
Job_086,8,6587,8124,M7,7837,36,7873,-251,0,251
Job_093,8,6988,8115,M8,7837,44,7881,-234,0,234
Job_089,8,6860,8274,M4,7846,6,7852,-422,0,422
Job_094,8,7086,8626,M4,7852,90,7942,-684,0,684
Job_091,9,6870,7991,M6,7938,53,7991,0,0,0
Job_085,9,6485,8025,M7,7980,45,8025,0,0,0
Job_084,9,6454,8156,M8,8041,74,8115,-41,0,41
Job_086,9,6587,8124,M3,8045,79,8124,0,0,0
Job_093,9,6988,8115,M9,8094,21,8115,0,0,0
Job_088,9,6691,8145,M8,8115,30,8145,0,0,0
Job_089,9,6860,8274,M7,8249,25,8274,0,0,0
Job_087,9,6636,8338,M8,8264,74,8338,0,0,0
Job_092,9,6872,8491,M4,8458,33,8491,0,0,0
Job_094,9,7086,8626,M7,8581,45,8626,0,0,0
Job_090,9,6864,8732,M5,8689,43,8732,0,0,0
